2 0.596875 0.6614583333333334 0.09583333333333334 0.19791666666666666
4 0.15260416666666668 0.4392361111111111 0.2947916666666667 0.8611111111111112
4 0.9015625 0.3836805555555556 0.19895833333333332 0.2743055555555556
5 0.23020833333333332 0.7942708333333334 0.27708333333333335 0.4149305555555556
5 0.4390625 0.5503472222222222 0.090625 0.059027777777777776
5 0.5552083333333333 0.5998263888888888 0.06041666666666667 0.07118055555555555
5 0.6875 0.6588541666666666 0.07291666666666667 0.1232638888888889
5 0.9223958333333333 0.7204861111111112 0.15729166666666666 0.2048611111111111
3 0.3828125 0.5425347222222222 0.08020833333333334 0.10243055555555555
3 0.5328125 0.5755208333333334 0.05520833333333333 0.1684027777777778
3 0.6052083333333333 0.6215277777777778 0.07291666666666667 0.2916666666666667
3 0.7526041666666666 0.6510416666666666 0.12604166666666666 0.4201388888888889
3 0.8234375 0.6631944444444444 0.059375 0.3576388888888889
8 0.665625 0.8619791666666666 0.6625 0.2621527777777778
8 0.503125 0.6423611111111112 0.37083333333333335 0.22916666666666666
6 0.6427083333333333 0.2699652777777778 0.7166666666666667 0.5364583333333334
9 0.06510416666666667 0.4314236111111111 0.08229166666666667 0.2829861111111111
