4 0.24114583333333334 0.2065972222222222 0.48020833333333335 0.3888888888888889
4 0.8052083333333333 0.4427083333333333 0.34375 0.8784722222222222
5 0.0625 0.5225694444444444 0.12291666666666666 0.2152777777777778
5 0.5859375 0.4713541666666667 0.12604166666666666 0.19270833333333334
6 0.10104166666666667 0.3307291666666667 0.11458333333333333 0.18229166666666666
6 0.28854166666666664 0.265625 0.16041666666666668 0.23958333333333334
6 0.5671875 0.2821180555555556 0.12395833333333334 0.546875
7 0.18333333333333332 0.203125 0.14583333333333334 0.04861111111111111
8 0.0890625 0.7934027777777778 0.17395833333333333 0.3993055555555556
8 0.38697916666666665 0.9539930555555556 0.753125 0.0954861111111111
8 0.6333333333333333 0.7378472222222222 0.13958333333333334 0.3229166666666667
9 0.1609375 0.4852430555555556 0.065625 0.140625
9 0.37864583333333335 0.6380208333333334 0.409375 0.5086805555555556
9 0.4817708333333333 0.4375 0.06145833333333333 0.0798611111111111
9 0.4552083333333333 0.12239583333333333 0.022916666666666665 0.03298611111111111
9 0.453125 0.22743055555555555 0.029166666666666667 0.034722222222222224
9 0.4552083333333333 0.3411458333333333 0.03333333333333333 0.050347222222222224
9 0.4203125 0.2734375 0.036458333333333336 0.0954861111111111
9 0.4203125 0.0954861111111111 0.023958333333333335 0.08680555555555555
9 0.3640625 0.1918402777777778 0.04479166666666667 0.13020833333333334
9 0.3572916666666667 0.3446180555555556 0.03958333333333333 0.046875
9 0.05625 0.15625 0.07708333333333334 0.0798611111111111
