4 0.15520833333333334 0.4479166666666667 0.30833333333333335 0.8854166666666666
4 0.8914385416666666 0.3714074652777778 0.21875 0.3038194444444444
5 0.2265625 0.7795138888888888 0.2552083333333333 0.4444444444444444
5 0.8662827083333333 0.6802640625 0.2677083333333333 0.25
5 0.6725744791666667 0.63068984375 0.10218979166666667 0.1654501736111111
3 0.3671190625 0.5352354166666666 0.06354166666666666 0.08159722222222222
3 0.54111921875 0.6793517361111111 0.18672447916666668 0.43795625
3 0.4382679166666667 0.5402600694444444 0.068613125 0.1111111111111111
1 0.5543264062500001 0.7955317708333334 0.23065697916666666 0.4124086805555556
8 0.4875 0.7874024305555555 0.33541666666666664 0.4253472222222222
8 0.8234375 0.8602430555555556 0.35520833333333335 0.2829861111111111
6 0.6604166666666667 0.2916666666666667 0.68125 0.5729166666666666
9 0.06510416666666667 0.4357638888888889 0.06770833333333333 0.2673611111111111
