2 0.465625 0.6284722222222222 0.07916666666666666 0.1597222222222222
4 0.16145833333333334 0.4548611111111111 0.32083333333333336 0.8923611111111112
4 0.8911458333333333 0.40625 0.21770833333333334 0.3993055555555556
5 0.2234375 0.7534722222222222 0.240625 0.4652777777777778
5 0.8661458333333333 0.7083333333333334 0.26979166666666665 0.2152777777777778
5 0.5473958333333333 0.6050347222222222 0.12395833333333334 0.08854166666666667
5 0.6796875 0.6467013888888888 0.06979166666666667 0.13020833333333334
3 0.6296875 0.6258680555555556 0.08645833333333333 0.3246527777777778
3 0.7119791666666667 0.6310763888888888 0.06770833333333333 0.2864583333333333
3 0.3651041666666667 0.5381944444444444 0.021875 0.08333333333333333
3 0.4046875 0.5355902777777778 0.042708333333333334 0.078125
8 0.6567708333333333 0.8411458333333334 0.6802083333333333 0.3142361111111111
8 0.4484375 0.6102430555555556 0.2635416666666667 0.13368055555555555
6 0.646875 0.2881944444444444 0.7083333333333334 0.5729166666666666
9 0.07760416666666667 0.4418402777777778 0.08854166666666667 0.2899305555555556
