0 0.5880208333333333 0.5486111111111112 0.04895833333333333 0.07291666666666667
1 0.6223958333333334 0.8020833333333334 0.16770833333333332 0.3958333333333333
3 0.296875 0.625 0.07708333333333334 0.3194444444444444
3 0.49947916666666664 0.578125 0.051041666666666666 0.2013888888888889
4 0.38333333333333336 0.4001736111111111 0.4875 0.3767361111111111
4 0.7645833333333333 0.17100694444444445 0.13958333333333334 0.234375
5 0.3671875 0.5876736111111112 0.065625 0.06076388888888889
5 0.1125 0.5659722222222222 0.06041666666666667 0.06944444444444445
5 0.7479166666666667 0.65625 0.11875 0.2361111111111111
5 0.9067708333333333 0.8064236111111112 0.18229166666666666 0.3767361111111111
5 0.4505208333333333 0.4982638888888889 0.053125 0.17708333333333334
5 0.5380208333333333 0.5598958333333334 0.03229166666666667 0.03298611111111111
6 0.35 0.2092013888888889 0.7041666666666667 0.4010416666666667
6 0.1109375 0.4878472222222222 0.21770833333333334 0.1284722222222222
6 0.80625 0.4241623263888889 0.38958333333333334 0.27193576388888885
6 0.9177083333333333 0.1467013888888889 0.15833333333333333 0.2829861111111111
7 0.5828125 0.4157986111111111 0.08645833333333333 0.036458333333333336
8 0.4015625 0.8689236111111112 0.7864583333333334 0.265625
8 0.459375 0.6736111111111112 0.21875 0.11458333333333333
8 0.6859375 0.6883680555555556 0.06770833333333333 0.0954861111111111
9 0.35625 0.5138888888888888 0.058333333333333334 0.1076388888888889
