4 0.14583333333333334 0.4305555555555556 0.2916666666666667 0.84375
4 0.8973958333333333 0.3220486111111111 0.20729166666666668 0.2725694444444444
5 0.22050635416666667 0.7927944444444445 0.26666666666666666 0.4166666666666667
5 0.8739583333333333 0.7109375 0.25416666666666665 0.17881944444444445
5 0.6510416666666666 0.6267361111111112 0.15625 0.11458333333333333
3 0.35520833333333335 0.5416666666666666 0.03125 0.06944444444444445
3 0.40208333333333335 0.5407986111111112 0.04375 0.06770833333333333
3 0.4645452604166666 0.5694444444444444 0.04233572916666666 0.13541666666666666
3 0.5046229166666667 0.5694444444444444 0.043658749999999996 0.12152777777777778
8 0.49270833333333336 0.7673611111111112 0.32708333333333334 0.46875
8 0.6557291666666667 0.8597741319444444 0.690625 0.2829861111111111
6 0.6515625 0.3038194444444444 0.6989583333333333 0.5902777777777778
9 0.06770833333333333 0.4435763888888889 0.058333333333333334 0.2621527777777778
