0 0.3307291666666667 0.6015625 0.16979166666666667 0.22395833333333334
0 0.6885416666666667 0.5798611111111112 0.14375 0.1597222222222222
0 0.43333333333333335 0.5286458333333334 0.025 0.029513888888888888
3 0.6036458333333333 0.5598958333333334 0.028125 0.046875
3 0.7859375 0.6189236111111112 0.042708333333333334 0.16145833333333334
4 0.058854166666666666 0.3654513888888889 0.11145833333333334 0.2864583333333333
5 0.153125 0.640625 0.29375 0.2152777777777778
5 0.5364583333333334 0.5503472222222222 0.10416666666666667 0.0625
5 0.85 0.6215277777777778 0.052083333333333336 0.06597222222222222
6 0.13229166666666667 0.2682291666666667 0.16875 0.5260416666666666
6 0.8338541666666667 0.4817708333333333 0.334375 0.17881944444444445
6 0.8182291666666667 0.2560763888888889 0.365625 0.5017361111111112
6 0.428125 0.2586805555555556 0.40625 0.5069444444444444
6 0.8703125 0.5546875 0.042708333333333334 0.1753472222222222
8 0.5171875 0.7795138888888888 0.18645833333333334 0.4409722222222222
8 0.8119791666666667 0.8368055555555556 0.378125 0.3298611111111111
8 0.5067708333333333 0.9149305555555556 0.9885416666666667 0.1736111111111111
