0 0.33125 0.5928819444444444 0.16875 0.22743055555555555
0 0.6869791666666667 0.5720486111111112 0.15729166666666666 0.1545138888888889
3 0.4419096875 0.5277777777777778 0.071875 0.041666666666666664
3 0.6414814583333333 0.6180555555555556 0.08125 0.3159722222222222
3 0.71223375 0.6203895833333334 0.071875 0.2725694444444444
5 0.14791666666666667 0.6206597222222222 0.29375 0.2725694444444444
5 0.8101967708333333 0.6067708333333334 0.08645833333333333 0.057291666666666664
5 0.5395833333333333 0.5451388888888888 0.12083333333333333 0.07291666666666667
6 0.5010416666666667 0.24739583333333334 1.0 0.4704861111111111
6 0.9255208333333333 0.5477430555555556 0.15104166666666666 0.2204861111111111
8 0.5026041666666666 0.8914930555555556 0.996875 0.2204861111111111
8 0.684375 0.7092013888888888 0.6041666666666666 0.11284722222222222
8 0.5098958333333333 0.6085069444444444 0.16770833333333332 0.0954861111111111
