4 0.28854166666666664 0.4487847222222222 0.29791666666666666 0.2065972222222222
4 0.5567708333333333 0.4409722222222222 0.21145833333333333 0.22916666666666666
4 0.7541666666666667 0.17274305555555555 0.07916666666666666 0.2309027777777778
5 0.26763989583333336 0.5480915798611111 0.11875 0.07811232638888889
5 0.4557291666666667 0.4548611111111111 0.09270833333333334 0.1388888888888889
5 0.7234375 0.5503472222222222 0.16354166666666667 0.375
5 0.88125 0.7673611111111112 0.23958333333333334 0.46875
0 0.5864583333333333 0.5373263888888888 0.058333333333333334 0.07465277777777778
3 0.09162864583333334 0.6062196180555556 0.072840625 0.34091145833333336
3 0.15091244791666666 0.6896922743055556 0.19076947916666667 0.6240876736111111
3 0.449216875 0.5528309027777778 0.058394166666666664 0.13138680555555554
3 0.515625 0.6291375 0.09166666666666666 0.29994166666666666
1 0.4614963541666667 0.6035520833333333 0.06835458333333334 0.13700069444444446
1 0.6265625 0.7734375 0.190625 0.4565972222222222
8 0.44583333333333336 0.7881944444444444 0.6520833333333333 0.4270833333333333
7 0.5791666666666667 0.4140625 0.07916666666666666 0.043402777777777776
6 0.5026041666666666 0.2795138888888889 0.996875 0.5416666666666666
9 0.34759354166666667 0.5099224826388888 0.06602041666666666 0.0858171875
9 0.7348958333333333 0.2013888888888889 0.030208333333333334 0.1388888888888889
9 0.36770833333333336 0.5911458333333334 0.0875 0.06076388888888889
