4 0.15520833333333334 0.4479166666666667 0.30833333333333335 0.8854166666666666
4 0.8914385416666666 0.3714074652777778 0.21875 0.3038194444444444
5 0.2265625 0.7795138888888888 0.2552083333333333 0.4444444444444444
5 0.8662827083333333 0.6802640625 0.2677083333333333 0.25
5 0.6141689583333334 0.6264572916666666 0.221875 0.11805555555555555
3 0.37076489583333333 0.5301982638888889 0.07083333333333333 0.0763888888888889
3 0.4588541666666667 0.5381944444444444 0.059375 0.06944444444444445
1 0.4579759375 0.5950236111111111 0.058333333333333334 0.07465277777777778
8 0.4875 0.7874024305555555 0.33541666666666664 0.4253472222222222
8 0.8234375 0.8602430555555556 0.35520833333333335 0.2829861111111111
6 0.6604166666666667 0.2916666666666667 0.68125 0.5729166666666666
9 0.06510416666666667 0.4357638888888889 0.06770833333333333 0.2673611111111111
