0 0.3359375 0.5946180555555556 0.146875 0.2378472222222222
0 0.6791666666666667 0.5842013888888888 0.14583333333333334 0.16145833333333334
3 0.5197916666666667 0.5633680555555556 0.035416666666666666 0.15104166666666666
3 0.5598958333333334 0.5477430555555556 0.040625 0.11631944444444445
3 0.43854166666666666 0.5303819444444444 0.07083333333333333 0.06770833333333333
5 0.14322916666666666 0.6197916666666666 0.28854166666666664 0.21875
5 0.79375 0.6085069444444444 0.11666666666666667 0.036458333333333336
6 0.503125 0.2578125 0.9958333333333333 0.5052083333333334
6 0.9177083333333333 0.5373263888888888 0.16666666666666666 0.1996527777777778
8 0.5020833333333333 0.8897569444444444 0.9979166666666667 0.22395833333333334
8 0.5078125 0.6788194444444444 0.18854166666666666 0.1736111111111111
8 0.8052083333333333 0.7291666666666666 0.39166666666666666 0.10069444444444445
