4 0.15520833333333334 0.4479166666666667 0.30833333333333335 0.8854166666666666
4 0.8914385416666666 0.3714074652777778 0.21875 0.3038194444444444
5 0.2265625 0.7795138888888888 0.2552083333333333 0.4444444444444444
5 0.8662827083333333 0.6802640625 0.2677083333333333 0.25
5 0.6075996354166667 0.6233906250000001 0.23501364583333334 0.11192222222222223
3 0.37476427083333336 0.5301982638888889 0.07883208333333333 0.0763888888888889
3 0.45233046875 0.5381944444444444 0.04632760416666667 0.06944444444444445
1 0.449216875 0.609622048611111 0.058333333333333334 0.07465277777777778
8 0.4875 0.7874024305555555 0.33541666666666664 0.4253472222222222
8 0.8234375 0.8602430555555556 0.35520833333333335 0.2829861111111111
6 0.6604166666666667 0.2916666666666667 0.68125 0.5729166666666666
9 0.06510416666666667 0.4357638888888889 0.06770833333333333 0.2673611111111111
