0 0.3307291666666667 0.5963541666666666 0.16354166666666667 0.2517361111111111
0 0.6859375 0.5746527777777778 0.14479166666666668 0.16666666666666666
0 0.44479166666666664 0.5355902777777778 0.029166666666666667 0.057291666666666664
3 0.6010416666666667 0.5607638888888888 0.022916666666666665 0.059027777777777776
3 0.7947916666666667 0.6180555555555556 0.04791666666666667 0.14583333333333334
4 0.05260416666666667 0.3723958333333333 0.09895833333333333 0.2829861111111111
5 0.15208333333333332 0.6484375 0.2916666666666667 0.2204861111111111
5 0.5447916666666667 0.5520833333333334 0.10208333333333333 0.06597222222222222
5 0.8395833333333333 0.6085069444444444 0.04583333333333333 0.03993055555555555
6 0.14270833333333333 0.2673611111111111 0.175 0.5243055555555556
6 0.5739583333333333 0.3324652777777778 0.19583333333333333 0.328125
6 0.8223958333333333 0.2664930555555556 0.3572916666666667 0.5086805555555556
6 0.35208333333333336 0.2708333333333333 0.22291666666666668 0.3715277777777778
6 0.8640625 0.5520833333333334 0.03854166666666667 0.1597222222222222
6 0.9171875 0.5720486111111112 0.051041666666666666 0.1857638888888889
6 0.9776041666666667 0.5842013888888888 0.046875 0.2204861111111111
8 0.5041666666666667 0.9010416666666666 0.99375 0.2013888888888889
8 0.5140625 0.7786458333333334 0.19270833333333334 0.4461805555555556
8 0.8109375 0.8368055555555556 0.3802083333333333 0.3298611111111111
