0 0.3296875 0.5868055555555556 0.171875 0.25
0 0.6895833333333333 0.5763888888888888 0.14791666666666667 0.16319444444444445
3 0.5223958333333333 0.5755208333333334 0.04479166666666667 0.1684027777777778
3 0.61875 0.5807291666666666 0.05416666666666667 0.1684027777777778
3 0.7916666666666666 0.6206597222222222 0.04583333333333333 0.1440972222222222
3 0.4234375 0.5164930555555556 0.030208333333333334 0.03993055555555555
4 0.0671875 0.3541666666666667 0.12604166666666666 0.3263888888888889
5 0.15520833333333334 0.6336805555555556 0.29375 0.2152777777777778
5 0.8432291666666667 0.625 0.042708333333333334 0.05555555555555555
5 0.5692708333333333 0.5486111111111112 0.040625 0.09027777777777778
5 0.465625 0.5251736111111112 0.03333333333333333 0.06770833333333333
6 0.134375 0.2517361111111111 0.17708333333333334 0.4965277777777778
6 0.803125 0.25 0.3958333333333333 0.4826388888888889
6 0.878125 0.5460069444444444 0.035416666666666666 0.2170138888888889
6 0.9421875 0.5625 0.10520833333333333 0.25
6 0.5661458333333333 0.3324652777777778 0.253125 0.359375
6 0.34739583333333335 0.2960069444444444 0.228125 0.3975694444444444
8 0.7098958333333333 0.8203125 0.5385416666666667 0.3246527777777778
8 0.4864583333333333 0.5989583333333334 0.12291666666666666 0.09722222222222222
8 0.23177083333333334 0.9184027777777778 0.459375 0.16666666666666666
