4 0.2171875 0.3324652777777778 0.33645833333333336 0.421875
4 0.5041666666666667 0.3900293402777778 0.14583333333333334 0.2534722222222222
4 0.8677083333333333 0.2734375 0.26666666666666666 0.2864583333333333
5 0.31485625 0.4965277777777778 0.06354166666666666 0.1111111111111111
5 0.3078125 0.5798611111111112 0.20729166666666668 0.0625
5 0.9135416666666667 0.4809027777777778 0.175 0.22569444444444445
0 0.06875 0.5243055555555556 0.13333333333333333 0.12152777777777778
0 0.7733386458333332 0.5190972222222222 0.134375 0.2048611111111111
0 0.6415564583333333 0.49969930555555553 0.040625 0.0625
3 0.7640625 0.5381944444444444 0.057291666666666664 0.2465277777777778
3 0.5471753125 0.5083256944444444 0.03854166666666667 0.12152777777777778
3 0.6098958333333333 0.4956597222222222 0.046875 0.05381944444444445
3 0.48473994791666664 0.5236339409722223 0.03406322916666667 0.09245746527777778
3 0.4132641666666667 0.5286142361111111 0.07190541666666667 0.17054444444444444
3 0.04635416666666667 0.6354166666666666 0.090625 0.3020833333333333
3 0.9791666666666666 0.5920138888888888 0.04375 0.4618055555555556
1 0.09280333333333333 0.7060460069444444 0.16976125 0.2725694444444444
8 0.5010416666666667 0.8125 1.0 0.3784722222222222
8 0.546875 0.5685763888888888 0.2604166666666667 0.11284722222222222
7 0.21666666666666667 0.4577060763888888 0.13958333333333334 0.11631944444444445
6 0.49947916666666664 0.2421875 0.996875 0.4809027777777778
9 0.7947916666666667 0.2760416666666667 0.025 0.10416666666666667
9 0.7645833333333333 0.3055555555555556 0.029166666666666667 0.09027777777777778
