4 0.15520833333333334 0.4479166666666667 0.30833333333333335 0.8854166666666666
4 0.8914385416666666 0.3714074652777778 0.21875 0.3038194444444444
5 0.2265625 0.7795138888888888 0.2552083333333333 0.4444444444444444
5 0.8662827083333333 0.6802640625 0.2677083333333333 0.25
5 0.6072803125 0.6229850694444444 0.234375 0.1111111111111111
3 0.3671190625 0.5352354166666666 0.06354166666666666 0.08159722222222222
3 0.5265891666666667 0.5807228298611111 0.10218979166666667 0.16770572916666668
3 0.42864583333333334 0.5352418402777778 0.05520833333333333 0.10107465277777777
1 0.5317366666666666 0.6632704861111111 0.12708333333333333 0.17708333333333334
8 0.4875 0.7874024305555555 0.33541666666666664 0.4253472222222222
8 0.8234375 0.8602430555555556 0.35520833333333335 0.2829861111111111
6 0.6604166666666667 0.2916666666666667 0.68125 0.5729166666666666
9 0.06510416666666667 0.4357638888888889 0.06770833333333333 0.2673611111111111
