4 0.28854166666666664 0.4487847222222222 0.29791666666666666 0.2065972222222222
4 0.5567708333333333 0.4409722222222222 0.21145833333333333 0.22916666666666666
4 0.7541666666666667 0.17274305555555555 0.07916666666666666 0.2309027777777778
5 0.13333333333333333 0.5286458333333334 0.11875 0.1267361111111111
5 0.4557291666666667 0.4548611111111111 0.09270833333333334 0.1388888888888889
5 0.7234375 0.5503472222222222 0.16354166666666667 0.375
5 0.88125 0.7673611111111112 0.23958333333333334 0.46875
0 0.5864583333333333 0.5373263888888888 0.058333333333333334 0.07465277777777778
3 0.08645833333333333 0.7083333333333334 0.17083333333333334 0.5868055555555556
3 0.071875 0.5199652777777778 0.03333333333333333 0.1684027777777778
3 0.24010416666666667 0.6805555555555556 0.18229166666666666 0.5763888888888888
3 0.38177083333333334 0.5755208333333334 0.09479166666666666 0.19270833333333334
3 0.515625 0.6215277777777778 0.09166666666666666 0.2847222222222222
1 0.3885416666666667 0.6276041666666666 0.12083333333333333 0.15104166666666666
1 0.6265625 0.7734375 0.190625 0.4565972222222222
8 0.44583333333333336 0.7881944444444444 0.6520833333333333 0.4270833333333333
7 0.5791666666666667 0.4140625 0.07916666666666666 0.043402777777777776
6 0.5026041666666666 0.2795138888888889 0.996875 0.5416666666666666
9 0.34322916666666664 0.5052083333333334 0.057291666666666664 0.0763888888888889
9 0.7348958333333333 0.2013888888888889 0.030208333333333334 0.1388888888888889
