1 0.43854166666666666 0.5338541666666666 0.016666666666666666 0.05381944444444445
3 0.490625 0.5442708333333334 0.04375 0.0642361111111111
3 0.6010416666666667 0.5677083333333334 0.0125 0.052083333333333336
3 0.7911458333333333 0.6319444444444444 0.04895833333333333 0.1527777777777778
3 0.4083333333333333 0.5208333333333334 0.03333333333333333 0.041666666666666664
4 0.05677083333333333 0.3559027777777778 0.10520833333333333 0.3020833333333333
5 0.15104166666666666 0.6276041666666666 0.28125 0.203125
5 0.8411458333333334 0.609375 0.046875 0.05555555555555555
5 0.5755208333333334 0.5633680555555556 0.04895833333333333 0.05381944444444445
6 0.1328125 0.2569444444444444 0.18020833333333333 0.4930555555555556
6 0.8197916666666667 0.2769097222222222 0.3416666666666667 0.5225694444444444
6 0.8630208333333333 0.5460069444444444 0.03854166666666667 0.17881944444444445
6 0.9171875 0.5538194444444444 0.04895833333333333 0.1736111111111111
6 0.9770833333333333 0.5607638888888888 0.04791666666666667 0.1875
6 0.43854166666666666 0.2717013888888889 0.41041666666666665 0.5086805555555556
6 0.5744791666666667 0.3967013888888889 0.14270833333333333 0.3142361111111111
8 0.3302083333333333 0.5989583333333334 0.1625 0.22916666666666666
8 0.6869791666666667 0.5789930555555556 0.14479166666666668 0.1579861111111111
8 0.503125 0.9027777777777778 0.9958333333333333 0.19791666666666666
8 0.5151041666666667 0.7864583333333334 0.190625 0.4305555555555556
8 0.8119791666666667 0.8368055555555556 0.378125 0.3298611111111111
