0 0.6838541666666667 0.5763888888888888 0.153125 0.14930555555555555
3 0.26666666666666666 0.4904513888888889 0.53125 0.9774305555555556
3 0.7932291666666667 0.6085069444444444 0.04895833333333333 0.10590277777777778
5 0.5640625 0.5546875 0.07395833333333333 0.078125
6 0.6901041666666666 0.11979166666666667 0.621875 0.2152777777777778
6 0.5380208333333333 0.2916666666666667 0.13645833333333332 0.22916666666666666
6 0.7541666666666667 0.3715277777777778 0.49375 0.2638888888888889
6 0.8625 0.5434027777777778 0.058333333333333334 0.16666666666666666
6 0.9244791666666666 0.5668402777777778 0.04895833333333333 0.203125
8 0.7328125 0.8350694444444444 0.38229166666666664 0.3333333333333333
