0 0.33697916666666666 0.6024305555555556 0.15104166666666666 0.23958333333333334
0 0.6848958333333334 0.5798611111111112 0.153125 0.1597222222222222
0 0.978125 0.7491319444444444 0.04583333333333333 0.2621527777777778
3 0.5057291666666667 0.5685763888888888 0.042708333333333334 0.1440972222222222
3 0.6416666666666667 0.5789930555555556 0.05416666666666667 0.19270833333333334
3 0.7911458333333333 0.6180555555555556 0.042708333333333334 0.1388888888888889
4 0.06302083333333333 0.3524305555555556 0.121875 0.3576388888888889
5 0.15052083333333333 0.6336805555555556 0.2989583333333333 0.22569444444444445
5 0.465625 0.515625 0.07291666666666667 0.03125
6 0.5640625 0.3819444444444444 0.19479166666666667 0.3888888888888889
6 0.8291666666666667 0.2855902777777778 0.34375 0.5677083333333334
6 0.8708333333333333 0.5512152777777778 0.029166666666666667 0.2170138888888889
6 0.9208333333333333 0.5625 0.04791666666666667 0.22916666666666666
6 0.9776041666666667 0.5703125 0.04479166666666667 0.2170138888888889
6 0.13489583333333333 0.2604166666666667 0.18854166666666666 0.5138888888888888
6 0.34322916666666664 0.2482638888888889 0.20729166666666668 0.4756944444444444
8 0.7098958333333333 0.8420138888888888 0.5197916666666667 0.28125
8 0.5151041666666667 0.6215277777777778 0.165625 0.13194444444444445
8 0.4078125 0.9175347222222222 0.8197916666666667 0.1684027777777778
