0 0.5901041666666667 0.5416666666666666 0.06354166666666666 0.0763888888888889
1 0.6244791666666667 0.8064236111111112 0.16979166666666667 0.390625
3 0.34479166666666666 0.6085069444444444 0.05416666666666667 0.2482638888888889
3 0.5151041666666667 0.5807291666666666 0.046875 0.19270833333333334
4 0.37135416666666665 0.4123263888888889 0.515625 0.3211805555555556
5 0.4588541666666667 0.5121527777777778 0.071875 0.17708333333333334
5 0.39010416666666664 0.5885416666666666 0.04479166666666667 0.05555555555555555
5 0.24010416666666667 0.5329861111111112 0.10520833333333333 0.03819444444444445
5 0.8479166666666667 0.6814236111111112 0.30625 0.2482638888888889
5 0.8895833333333333 0.9088541666666666 0.22291666666666668 0.1857638888888889
6 0.1484375 0.2829861111111111 0.2947916666666667 0.5590277777777778
6 0.5104166666666666 0.1987847222222222 0.41458333333333336 0.3871527777777778
6 0.8880208333333334 0.2881944444444444 0.22604166666666667 0.5451388888888888
6 0.6848958333333334 0.4227430555555556 0.17604166666666668 0.2690972222222222
7 0.5755208333333334 0.4210069444444444 0.065625 0.036458333333333336
8 0.390625 0.8663194444444444 0.7791666666666667 0.2708333333333333
8 0.5359375 0.6484375 0.3072916666666667 0.1440972222222222
9 0.3541666666666667 0.4956597222222222 0.058333333333333334 0.057291666666666664
