0 0.33645833333333336 0.5928819444444444 0.15208333333333332 0.21354166666666666
0 0.6869791666666667 0.5885416666666666 0.153125 0.1736111111111111
3 0.521875 0.5381944444444444 0.022916666666666665 0.09722222222222222
3 0.4276041666666667 0.5190972222222222 0.053125 0.059027777777777776
3 0.7869791666666667 0.5946180555555556 0.053125 0.2309027777777778
5 0.15208333333333332 0.6267361111111112 0.29375 0.2361111111111111
6 0.5015625 0.2534722222222222 0.9989583333333333 0.4965277777777778
6 0.9171875 0.5269097222222222 0.16770833333333332 0.1753472222222222
8 0.5015625 0.8975694444444444 0.9989583333333333 0.20833333333333334
8 0.503125 0.6692708333333334 0.21666666666666667 0.234375
8 0.8104166666666667 0.7439236111111112 0.38125 0.109375
