0 0.33229166666666665 0.5920138888888888 0.15208333333333332 0.22916666666666666
0 0.6859375 0.5763888888888888 0.14895833333333333 0.1527777777777778
3 0.5567708333333333 0.5642361111111112 0.065625 0.1284722222222222
3 0.4552083333333333 0.5347222222222222 0.10208333333333333 0.0763888888888889
5 0.14322916666666666 0.6119791666666666 0.284375 0.2552083333333333
5 0.7901041666666667 0.6128472222222222 0.11145833333333334 0.06597222222222222
6 0.5005208333333333 0.2578125 1.0 0.4982638888888889
6 0.9265625 0.5607638888888888 0.14895833333333333 0.19444444444444445
8 0.5015625 0.8880208333333334 0.9989583333333333 0.22743055555555555
8 0.684375 0.7222222222222222 0.6166666666666667 0.09027777777777778
8 0.5104166666666666 0.6085069444444444 0.18333333333333332 0.11284722222222222
