0 0.3338541666666667 0.5928819444444444 0.15729166666666666 0.22743055555555555
0 0.6885416666666667 0.578125 0.14583333333333334 0.1527777777777778
0 0.46197916666666666 0.5451388888888888 0.06354166666666666 0.07291666666666667
3 0.6010416666666667 0.5659722222222222 0.016666666666666666 0.05555555555555555
3 0.7875 0.6111111111111112 0.03958333333333333 0.12152777777777778
4 0.059375 0.3541666666666667 0.10416666666666667 0.2638888888888889
5 0.14947916666666666 0.6319444444444444 0.28854166666666664 0.22916666666666666
5 0.8526041666666667 0.6293402777777778 0.06979166666666667 0.07118055555555555
5 0.5494791666666666 0.5486111111111112 0.090625 0.04861111111111111
6 0.1375 0.2604166666666667 0.17083333333333334 0.5034722222222222
6 0.5713541666666667 0.3029513888888889 0.23020833333333332 0.3628472222222222
6 0.8229166666666666 0.2664930555555556 0.35625 0.5017361111111112
6 0.3458333333333333 0.2526041666666667 0.20416666666666666 0.4045138888888889
6 0.8697916666666666 0.5451388888888888 0.04791666666666667 0.15625
6 0.921875 0.5512152777777778 0.035416666666666666 0.1545138888888889
6 0.9755208333333333 0.5607638888888888 0.051041666666666666 0.16666666666666666
8 0.5036458333333333 0.9036458333333334 0.9947916666666666 0.19618055555555555
8 0.5177083333333333 0.7751736111111112 0.19583333333333333 0.4149305555555556
8 0.7739583333333333 0.8342013888888888 0.29791666666666666 0.3177083333333333
