2 0.6385416666666667 0.6944444444444444 0.09791666666666667 0.2361111111111111
3 0.3692708333333333 0.5321180555555556 0.051041666666666666 0.0642361111111111
3 0.44427083333333334 0.6276041666666666 0.08645833333333333 0.3524305555555556
3 0.5109375 0.6293402777777778 0.08020833333333334 0.3489583333333333
3 0.640625 0.6328125 0.08125 0.3559027777777778
3 0.8078125 0.6710069444444444 0.07395833333333333 0.3524305555555556
4 0.1453125 0.390625 0.28854166666666664 0.7708333333333334
4 0.8895833333333333 0.3133680555555556 0.19375 0.2795138888888889
5 0.21822916666666667 0.7994791666666666 0.23645833333333333 0.4045138888888889
5 0.9197916666666667 0.7170138888888888 0.1625 0.20833333333333334
5 0.7369791666666666 0.6710069444444444 0.084375 0.13368055555555555
6 0.6515625 0.2777777777777778 0.6989583333333333 0.5347222222222222
8 0.48125 0.78125 0.3145833333333333 0.4409722222222222
8 0.8244791666666667 0.8576388888888888 0.353125 0.2881944444444444
9 0.07916666666666666 0.4409722222222222 0.08125 0.28125
