0 0.340625 0.6015625 0.15208333333333332 0.2170138888888889
0 0.6854166666666667 0.5789930555555556 0.15 0.16493055555555555
3 0.44427083333333334 0.5529513888888888 0.040625 0.078125
3 0.7927083333333333 0.625 0.052083333333333336 0.16319444444444445
4 0.065625 0.3506944444444444 0.11666666666666667 0.19444444444444445
5 0.153125 0.5998263888888888 0.2916666666666667 0.2829861111111111
5 0.5380208333333333 0.5607638888888888 0.121875 0.0625
6 0.503125 0.2569444444444444 0.9958333333333333 0.5
6 0.9255208333333333 0.5494791666666666 0.15104166666666666 0.19270833333333334
8 0.5020833333333333 0.8940972222222222 0.9979166666666667 0.2152777777777778
8 0.5072916666666667 0.6762152777777778 0.1875 0.2065972222222222
8 0.8057291666666667 0.7274305555555556 0.390625 0.10416666666666667
