4 0.2171875 0.3324652777777778 0.33645833333333336 0.421875
4 0.5041666666666667 0.3900293402777778 0.14583333333333334 0.2534722222222222
4 0.8677083333333333 0.2734375 0.26666666666666666 0.2864583333333333
5 0.37374166666666664 0.4965277777777778 0.16145833333333334 0.1111111111111111
5 0.3078125 0.5798611111111112 0.20729166666666668 0.0625
5 0.9135416666666667 0.4809027777777778 0.175 0.22569444444444445
0 0.06875 0.5243055555555556 0.13333333333333333 0.12152777777777778
0 0.7733386458333332 0.5190972222222222 0.134375 0.2048611111111111
0 0.6473958333333333 0.5121527777777778 0.040625 0.07291666666666667
3 0.76892484375 0.5709524305555556 0.07591239583333334 0.31898819444444443
3 0.5921722916666667 0.5032885416666667 0.040625 0.109375
3 0.5320559375 0.5201870659722222 0.03958333333333333 0.14801302083333334
3 0.48557640625 0.52481875 0.026551145833333335 0.08509479166666667
3 0.3060903125 0.5460069444444444 0.052083333333333336 0.2065972222222222
3 0.6375 0.5286458333333334 0.029166666666666667 0.08854166666666667
8 0.5041666666666667 0.8125 0.99375 0.3784722222222222
8 0.546875 0.5685763888888888 0.2604166666666667 0.11284722222222222
7 0.21666666666666667 0.4577060763888888 0.13958333333333334 0.11631944444444445
6 0.5026041666666666 0.2421875 0.996875 0.4809027777777778
9 0.7947916666666667 0.2760416666666667 0.025 0.10416666666666667
9 0.7645833333333333 0.3055555555555556 0.029166666666666667 0.09027777777777778
