0 0.34010416666666665 0.6032986111111112 0.14479166666666668 0.2309027777777778
0 0.6838541666666667 0.5807291666666666 0.153125 0.1579861111111111
3 0.5364583333333334 0.5789930555555556 0.0875 0.1996527777777778
3 0.6661458333333333 0.5833333333333334 0.09270833333333334 0.1875
3 0.9005208333333333 0.6050347222222222 0.053125 0.19618055555555555
3 0.4322916666666667 0.5338541666666666 0.06041666666666667 0.06770833333333333
5 0.14739583333333334 0.6085069444444444 0.2947916666666667 0.2482638888888889
5 0.7984375 0.6128472222222222 0.11979166666666667 0.05555555555555555
6 0.5015625 0.2526041666666667 0.9989583333333333 0.4947916666666667
6 0.9244791666666666 0.5546875 0.153125 0.1892361111111111
8 0.6625 0.8506944444444444 0.66875 0.2951388888888889
8 0.5130208333333334 0.6258680555555556 0.18229166666666666 0.1267361111111111
8 0.16145833333333334 0.9131944444444444 0.32083333333333336 0.17708333333333334
