0 0.33541666666666664 0.6059027777777778 0.15208333333333332 0.22916666666666666
0 0.6885416666666667 0.578125 0.15208333333333332 0.16319444444444445
1 0.5994791666666667 0.6631944444444444 0.04895833333333333 0.10069444444444445
3 0.46197916666666666 0.5998263888888888 0.06979166666666667 0.2170138888888889
3 0.5984375 0.5651041666666666 0.06145833333333333 0.1267361111111111
3 0.8286458333333333 0.6414930555555556 0.05520833333333333 0.3489583333333333
3 0.8916666666666667 0.6979166666666666 0.15416666666666667 0.4930555555555556
5 0.1546875 0.6119791666666666 0.30520833333333336 0.2795138888888889
5 0.528125 0.5512152777777778 0.06458333333333334 0.050347222222222224
5 0.771875 0.6163194444444444 0.0875 0.059027777777777776
6 0.5010416666666667 0.2769097222222222 1.0 0.546875
6 0.9666666666666667 0.59375 0.06875 0.2361111111111111
8 0.5010416666666667 0.8932291666666666 1.0 0.2170138888888889
8 0.6953125 0.7265625 0.603125 0.0954861111111111
8 0.4947916666666667 0.6137152777777778 0.15625 0.10590277777777778
