0 0.16770833333333332 0.4878472222222222 0.06875 0.13541666666666666
0 0.3729166666666667 0.6397569444444444 0.41875 0.4947916666666667
0 0.48020833333333335 0.4279513888888889 0.06041666666666667 0.08506944444444445
4 0.24270833333333333 0.1970486111111111 0.48541666666666666 0.3732638888888889
4 0.8067708333333333 0.4513888888888889 0.36770833333333336 0.8958333333333334
5 0.0640625 0.5112847222222222 0.12604166666666666 0.2621527777777778
5 0.5822916666666667 0.4661458333333333 0.11666666666666667 0.19618055555555555
6 0.103125 0.3272569444444444 0.1 0.1996527777777778
6 0.30104166666666665 0.2638888888888889 0.17083333333333334 0.2222222222222222
6 0.5619791666666667 0.2942708333333333 0.11145833333333334 0.5815972222222222
7 0.19375 0.2109375 0.1625 0.046875
8 0.09010416666666667 0.7786458333333334 0.178125 0.4392361111111111
8 0.6364583333333333 0.7803819444444444 0.125 0.4045138888888889
8 0.4578125 0.9496527777777778 0.8947916666666667 0.10416666666666667
9 0.4552083333333333 0.1189236111111111 0.025 0.03993055555555555
9 0.4546875 0.22395833333333334 0.03229166666666667 0.03819444444444445
9 0.428125 0.24913194444444445 0.04375 0.043402777777777776
9 0.3625 0.1953125 0.04791666666666667 0.1232638888888889
9 0.3614583333333333 0.3567708333333333 0.052083333333333336 0.036458333333333336
9 0.415625 0.0954861111111111 0.027083333333333334 0.0763888888888889
9 0.45729166666666665 0.3376736111111111 0.041666666666666664 0.057291666666666664
9 0.057291666666666664 0.1519097222222222 0.07083333333333333 0.0920138888888889
