0 0.3375 0.5980902777777778 0.15625 0.234375
0 0.6854166666666667 0.5833333333333334 0.15625 0.16666666666666666
3 0.42916666666666664 0.5399305555555556 0.03958333333333333 0.0763888888888889
3 0.7885416666666667 0.6258680555555556 0.04375 0.14756944444444445
5 0.15052083333333333 0.6059027777777778 0.296875 0.25
5 0.5442708333333334 0.5607638888888888 0.090625 0.059027777777777776
5 0.8427083333333333 0.6258680555555556 0.05 0.029513888888888888
5 0.7505208333333333 0.6180555555555556 0.040625 0.06944444444444445
6 0.5015625 0.2517361111111111 0.9989583333333333 0.4895833333333333
6 0.9302083333333333 0.5364583333333334 0.14166666666666666 0.2048611111111111
8 0.5010416666666667 0.8975694444444444 1.0 0.20833333333333334
8 0.509375 0.6814236111111112 0.19166666666666668 0.21006944444444445
8 0.8072916666666666 0.7361111111111112 0.3875 0.1076388888888889
