2 0.37604166666666666 0.5642361111111112 0.0375 0.0798611111111111
4 0.15520833333333334 0.4348958333333333 0.30833333333333335 0.8628472222222222
4 0.8958333333333334 0.3767361111111111 0.21041666666666667 0.2708333333333333
5 0.21822916666666667 0.7821180555555556 0.26145833333333335 0.4392361111111111
5 0.8697916666666666 0.6840277777777778 0.2625 0.2326388888888889
5 0.6734375 0.6354166666666666 0.12395833333333334 0.14583333333333334
5 0.5463541666666667 0.5859375 0.04479166666666667 0.08506944444444445
3 0.375 0.5321180555555556 0.0375 0.09895833333333333
3 0.41822916666666665 0.5512152777777778 0.051041666666666666 0.0954861111111111
3 0.4671875 0.5477430555555556 0.028125 0.13020833333333334
3 0.5098958333333333 0.5842013888888888 0.065625 0.1892361111111111
3 0.5880208333333333 0.6006944444444444 0.06354166666666666 0.1875
8 0.4666666666666667 0.7725694444444444 0.2916666666666667 0.4583333333333333
8 0.8026041666666667 0.8585069444444444 0.396875 0.2690972222222222
6 0.6614583333333334 0.28125 0.6791666666666667 0.5520833333333334
9 0.0703125 0.4366319444444444 0.07395833333333333 0.2482638888888889
