4 0.23125 0.3125 0.33958333333333335 0.3923611111111111
4 0.5 0.3697916666666667 0.15416666666666667 0.2604166666666667
4 0.8744791666666667 0.2647569444444444 0.253125 0.3559027777777778
5 0.2994791666666667 0.5598958333333334 0.22604166666666667 0.10590277777777778
5 0.34270833333333334 0.484375 0.11666666666666667 0.11458333333333333
5 0.9166666666666666 0.4696180555555556 0.16875 0.21354166666666666
0 0.6463541666666667 0.4973958333333333 0.040625 0.05381944444444445
0 0.7609375 0.5277777777777778 0.159375 0.21875
0 0.07916666666666666 0.5425347222222222 0.12916666666666668 0.140625
3 0.43802083333333336 0.5043402777777778 0.046875 0.1579861111111111
3 0.6286458333333333 0.4991319444444444 0.034375 0.078125
3 0.5979166666666667 0.4913194444444444 0.027083333333333334 0.08333333333333333
3 0.5729166666666666 0.4921875 0.03333333333333333 0.078125
3 0.5385416666666667 0.4887152777777778 0.041666666666666664 0.09895833333333333
3 0.5 0.5477430555555556 0.09166666666666666 0.2204861111111111
3 0.8598958333333333 0.5373263888888888 0.06979166666666667 0.2586805555555556
1 0.5098958333333333 0.6050347222222222 0.18229166666666666 0.1753472222222222
1 0.5453125 0.5399305555555556 0.04895833333333333 0.0763888888888889
8 0.4973958333333333 0.8098958333333334 0.9927083333333333 0.3697916666666667
8 0.546875 0.5633680555555556 0.26875 0.10243055555555555
7 0.22395833333333334 0.4670138888888889 0.13541666666666666 0.1388888888888889
6 0.2859375 0.24479166666666666 0.571875 0.4791666666666667
6 0.634375 0.2560763888888889 0.12291666666666666 0.4079861111111111
6 0.8520833333333333 0.2109375 0.29791666666666666 0.4149305555555556
9 0.803125 0.2630208333333333 0.01875 0.11631944444444445
9 0.7729166666666667 0.2960069444444444 0.035416666666666666 0.10590277777777778
