0 0.3375 0.59375 0.14583333333333334 0.22916666666666666
0 0.6807291666666667 0.5807291666666666 0.13645833333333332 0.16145833333333334
3 0.43072916666666666 0.5598958333333334 0.03854166666666667 0.10243055555555555
3 0.5026041666666666 0.5494791666666666 0.028125 0.0920138888888889
3 0.4640625 0.5460069444444444 0.021875 0.08854166666666667
3 0.6036458333333333 0.5590277777777778 0.017708333333333333 0.04513888888888889
3 0.7942708333333334 0.6206597222222222 0.036458333333333336 0.1440972222222222
5 0.146875 0.6397569444444444 0.2833333333333333 0.2065972222222222
5 0.05625 0.4756944444444444 0.09791666666666667 0.1111111111111111
5 0.8338541666666667 0.6067708333333334 0.03854166666666667 0.036458333333333336
5 0.7536458333333333 0.6119791666666666 0.036458333333333336 0.036458333333333336
6 0.8661458333333333 0.5338541666666666 0.03854166666666667 0.1892361111111111
6 0.9229166666666667 0.5399305555555556 0.052083333333333336 0.1840277777777778
6 0.9786458333333333 0.5460069444444444 0.04479166666666667 0.171875
6 0.7255208333333333 0.4357638888888889 0.08645833333333333 0.1111111111111111
6 0.12552083333333333 0.2638888888888889 0.25104166666666666 0.5069444444444444
6 0.6322916666666667 0.2456597222222222 0.7375 0.4809027777777778
6 0.5625 0.4053819444444444 0.13333333333333333 0.3420138888888889
8 0.503125 0.9088541666666666 0.9958333333333333 0.1857638888888889
8 0.6848958333333334 0.7447916666666666 0.6239583333333333 0.13541666666666666
8 0.5125 0.6067708333333334 0.18541666666666667 0.10590277777777778
