0 0.3307291666666667 0.5920138888888888 0.140625 0.22916666666666666
0 0.6854166666666667 0.5668402777777778 0.14166666666666666 0.1267361111111111
3 0.4359375 0.6085069444444444 0.04895833333333333 0.2934027777777778
3 0.5213541666666667 0.609375 0.06979166666666667 0.2986111111111111
3 0.5786458333333333 0.5920138888888888 0.08020833333333334 0.24305555555555555
3 0.6505208333333333 0.5824652777777778 0.042708333333333334 0.1996527777777778
3 0.7921875 0.6119791666666666 0.051041666666666666 0.15104166666666666
4 0.0546875 0.3515625 0.10104166666666667 0.2760416666666667
5 0.14635416666666667 0.6206597222222222 0.2760416666666667 0.2170138888888889
5 0.7494791666666667 0.5998263888888888 0.03229166666666667 0.036458333333333336
5 0.8447916666666667 0.6041666666666666 0.04375 0.0625
6 0.14583333333333334 0.2673611111111111 0.15833333333333333 0.5243055555555556
6 0.6182291666666667 0.2465277777777778 0.765625 0.4618055555555556
6 0.8708333333333333 0.5451388888888888 0.05 0.1701388888888889
6 0.921875 0.5616319444444444 0.04375 0.1996527777777778
6 0.9770833333333333 0.5277777777777778 0.04791666666666667 0.2013888888888889
8 0.5010416666666667 0.9001736111111112 1.0 0.203125
8 0.6354166666666666 0.7265625 0.69375 0.109375
