0 0.33541666666666664 0.6006944444444444 0.15416666666666667 0.2222222222222222
0 0.6864583333333333 0.5807291666666666 0.15833333333333333 0.1684027777777778
2 0.5479166666666667 0.5963541666666666 0.04583333333333333 0.10590277777777778
3 0.55 0.5434027777777778 0.04375 0.1111111111111111
3 0.9072916666666667 0.6015625 0.04375 0.19618055555555555
3 0.4234375 0.5199652777777778 0.059375 0.057291666666666664
5 0.14947916666666666 0.6006944444444444 0.2947916666666667 0.2708333333333333
5 0.7958333333333333 0.6059027777777778 0.12916666666666668 0.059027777777777776
5 0.4947916666666667 0.5486111111111112 0.05 0.03125
6 0.5005208333333333 0.2890625 1.0 0.5677083333333334
6 0.9213541666666667 0.5538194444444444 0.159375 0.21180555555555555
8 0.5026041666666666 0.8949652777777778 0.996875 0.21354166666666666
8 0.6979166666666666 0.7083333333333334 0.6 0.13541666666666666
8 0.4973958333333333 0.5833333333333334 0.178125 0.09027777777777778
