0 0.33541666666666664 0.5954861111111112 0.14375 0.22569444444444445
0 0.6848958333333334 0.5729166666666666 0.140625 0.1388888888888889
3 0.44114583333333335 0.5520833333333334 0.026041666666666668 0.10069444444444445
3 0.5036458333333333 0.5503472222222222 0.023958333333333335 0.09375
3 0.5348958333333333 0.5520833333333334 0.021875 0.10069444444444445
3 0.7932291666666667 0.6189236111111112 0.042708333333333334 0.15104166666666666
5 0.14114583333333333 0.6345486111111112 0.28020833333333334 0.1753472222222222
5 0.06614583333333333 0.4913194444444444 0.128125 0.11805555555555555
6 0.5010416666666667 0.2526041666666667 1.0 0.484375
6 0.8697916666666666 0.5546875 0.03958333333333333 0.1753472222222222
6 0.9203125 0.5572916666666666 0.051041666666666666 0.1736111111111111
6 0.9796875 0.5729166666666666 0.042708333333333334 0.2048611111111111
8 0.5026041666666666 0.9027777777777778 0.996875 0.19791666666666666
8 0.515625 0.6814236111111112 0.19166666666666668 0.2170138888888889
8 0.8104166666666667 0.7361111111111112 0.38125 0.16319444444444445
