2 0.6364583333333333 0.6970486111111112 0.08333333333333333 0.24131944444444445
3 0.3807291666666667 0.5772569444444444 0.07604166666666666 0.16493055555555555
3 0.44114583333333335 0.5625 0.053125 0.14583333333333334
3 0.6390625 0.6284722222222222 0.09270833333333334 0.3368055555555556
3 0.8223958333333333 0.6657986111111112 0.065625 0.3663194444444444
3 0.7421875 0.6944444444444444 0.153125 0.5590277777777778
4 0.14479166666666668 0.4618055555555556 0.28958333333333336 0.9027777777777778
5 0.22708333333333333 0.7534722222222222 0.2604166666666667 0.4583333333333333
5 0.91875 0.7022569444444444 0.16458333333333333 0.2170138888888889
5 0.5473958333333333 0.6024305555555556 0.13854166666666667 0.10416666666666667
6 0.65 0.2847222222222222 0.7020833333333333 0.5659722222222222
8 0.5057291666666667 0.7847222222222222 0.3572916666666667 0.4340277777777778
8 0.8838541666666667 0.8689236111111112 0.22604166666666667 0.2482638888888889
9 0.07395833333333333 0.4270833333333333 0.06666666666666667 0.2604166666666667
