0 0.33541666666666664 0.5946180555555556 0.15416666666666667 0.234375
0 0.6833333333333333 0.5772569444444444 0.15625 0.16145833333333334
1 0.44427083333333334 0.5494791666666666 0.015625 0.036458333333333336
2 0.5364583333333334 0.5859375 0.03333333333333333 0.07118055555555555
3 0.5364583333333334 0.5052083333333334 0.04375 0.05555555555555555
3 0.9052083333333333 0.6041666666666666 0.04791666666666667 0.19444444444444445
5 0.1453125 0.5980902777777778 0.2864583333333333 0.2690972222222222
5 0.7947916666666667 0.6076388888888888 0.12083333333333333 0.06597222222222222
6 0.5026041666666666 0.2725694444444444 0.996875 0.5347222222222222
6 0.9260416666666667 0.5503472222222222 0.15 0.19791666666666666
8 0.503125 0.8871527777777778 0.9958333333333333 0.22916666666666666
8 0.6901041666666666 0.7109375 0.6197916666666666 0.09895833333333333
8 0.50625 0.5963541666666666 0.19791666666666666 0.1267361111111111
