4 0.349445 0.4835069444444444 0.1625 0.234375
4 0.5338541666666666 0.4461805555555556 0.18020833333333333 0.22916666666666666
4 0.7458333333333333 0.1657986111111111 0.08125 0.234375
5 0.26521822916666665 0.5130208333333334 0.090396875 0.09895833333333333
5 0.3567708333333333 0.5815972222222222 0.115625 0.059027777777777776
5 0.7322916666666667 0.6345486111111112 0.21041666666666667 0.2795138888888889
5 0.8921875 0.7786458333333334 0.21770833333333334 0.4461805555555556
5 0.07486692708333333 0.5903538194444444 0.14140052083333332 0.11473541666666666
0 0.5895833333333333 0.5451388888888888 0.06666666666666667 0.08680555555555555
3 0.19578390625 0.6035774305555556 0.07707572916666666 0.3350694444444444
3 0.4754980208333333 0.6484375 0.09895833333333333 0.390625
3 0.5453125 0.5303819444444444 0.051041666666666666 0.08506944444444445
1 0.6130208333333333 0.7664930555555556 0.184375 0.4704861111111111
1 0.5509009895833333 0.5913802951388889 0.0398646875 0.07861927083333334
8 0.43072916666666666 0.8628472222222222 0.859375 0.2777777777777778
8 0.4864583333333333 0.6440972222222222 0.35208333333333336 0.13541666666666666
7 0.5770833333333333 0.4114583333333333 0.08333333333333333 0.03819444444444445
6 0.49947916666666664 0.2838541666666667 1.0 0.5642361111111112
9 0.3515625 0.4956597222222222 0.08229166666666667 0.08159722222222222
9 0.7307291666666667 0.20225694444444445 0.05520833333333333 0.11631944444444445
