0 0.3380208333333333 0.59375 0.146875 0.2222222222222222
0 0.7161458333333334 0.5789930555555556 0.078125 0.1232638888888889
1 0.6411458333333333 0.7092013888888888 0.128125 0.2517361111111111
3 0.45208333333333334 0.5546875 0.06666666666666667 0.11631944444444445
3 0.6510416666666666 0.5494791666666666 0.09791666666666667 0.15104166666666666
3 0.790625 0.6241319444444444 0.04791666666666667 0.1545138888888889
5 0.13958333333333334 0.6102430555555556 0.275 0.203125
6 0.503125 0.2526041666666667 0.9958333333333333 0.4982638888888889
6 0.925 0.5477430555555556 0.15208333333333332 0.21006944444444445
6 0.5348958333333333 0.5052083333333334 0.11979166666666667 0.1701388888888889
8 0.4671875 0.9001736111111112 0.9260416666666667 0.203125
8 0.5020833333333333 0.6857638888888888 0.18958333333333333 0.21875
8 0.8302083333333333 0.7300347222222222 0.2708333333333333 0.13020833333333334
