0 0.334375 0.5963541666666666 0.15208333333333332 0.2204861111111111
0 0.6833333333333333 0.5737847222222222 0.15 0.140625
3 0.065625 0.6475694444444444 0.12291666666666666 0.6666666666666666
3 0.4640625 0.5546875 0.042708333333333334 0.11631944444444445
3 0.7875 0.625 0.035416666666666666 0.14930555555555555
3 0.6010416666666667 0.5668402777777778 0.014583333333333334 0.057291666666666664
5 0.19739583333333333 0.6310763888888888 0.19479166666666667 0.234375
5 0.7520833333333333 0.6076388888888888 0.027083333333333334 0.04861111111111111
6 0.10833333333333334 0.1623263888888889 0.20625 0.3072916666666667
6 0.8666666666666667 0.5416666666666666 0.04583333333333333 0.19791666666666666
6 0.9208333333333333 0.5486111111111112 0.04791666666666667 0.1909722222222222
6 0.978125 0.546875 0.04583333333333333 0.1875
6 0.80625 0.2647569444444444 0.38958333333333334 0.5052083333333334
6 0.5348958333333333 0.3498263888888889 0.153125 0.4427083333333333
6 0.334375 0.2439236111111111 0.22916666666666666 0.4704861111111111
8 0.5588541666666667 0.9192708333333334 0.884375 0.16493055555555555
8 0.5192708333333333 0.6979166666666666 0.18645833333333334 0.2638888888888889
8 0.8015625 0.7473958333333334 0.3572916666666667 0.1753472222222222
