0 0.3359375 0.5902777777777778 0.16145833333333334 0.21875
0 0.6848958333333334 0.5711805555555556 0.15729166666666666 0.1527777777777778
3 0.5354166666666667 0.5581597222222222 0.075 0.1371527777777778
3 0.44427083333333334 0.5434027777777778 0.065625 0.07291666666666667
5 0.1515625 0.6293402777777778 0.296875 0.24131944444444445
5 0.7885416666666667 0.609375 0.11458333333333333 0.034722222222222224
6 0.5 0.2682291666666667 1.0 0.5121527777777778
6 0.9161458333333333 0.5434027777777778 0.16979166666666667 0.2048611111111111
8 0.5020833333333333 0.8975694444444444 0.9979166666666667 0.20833333333333334
8 0.5036458333333333 0.671875 0.215625 0.22569444444444445
8 0.809375 0.7300347222222222 0.38333333333333336 0.1371527777777778
