0 0.34010416666666665 0.6032986111111112 0.14479166666666668 0.22743055555555555
0 0.6838541666666667 0.5815972222222222 0.14895833333333333 0.1597222222222222
3 0.53125 0.5616319444444444 0.03333333333333333 0.15104166666666666
3 0.5739583333333333 0.5572916666666666 0.03958333333333333 0.14930555555555555
3 0.453125 0.5390625 0.075 0.07465277777777778
5 0.14635416666666667 0.6163194444444444 0.28854166666666664 0.2534722222222222
5 0.7921875 0.6085069444444444 0.12604166666666666 0.057291666666666664
6 0.5015625 0.2526041666666667 0.9989583333333333 0.4947916666666667
6 0.9177083333333333 0.5104166666666666 0.16666666666666666 0.16666666666666666
8 0.5020833333333333 0.8923611111111112 0.9979166666666667 0.21875
8 0.5083333333333333 0.6736111111111112 0.19375 0.2048611111111111
8 0.8078125 0.7309027777777778 0.38645833333333335 0.1111111111111111
