0 0.3328125 0.5998263888888888 0.16145833333333334 0.234375
0 0.6822916666666666 0.5763888888888888 0.15208333333333332 0.16319444444444445
0 0.484375 0.5598958333333334 0.07708333333333334 0.0920138888888889
3 0.4354166666666667 0.5520833333333334 0.020833333333333332 0.0763888888888889
3 0.5994791666666667 0.5677083333333334 0.019791666666666666 0.052083333333333336
3 0.790625 0.6258680555555556 0.04375 0.15104166666666666
4 0.057291666666666664 0.3680555555555556 0.10833333333333334 0.3159722222222222
5 0.14895833333333333 0.6258680555555556 0.29583333333333334 0.22743055555555555
5 0.5661458333333333 0.5451388888888888 0.065625 0.06597222222222222
5 0.846875 0.6137152777777778 0.03958333333333333 0.08159722222222222
6 0.13645833333333332 0.2517361111111111 0.17708333333333334 0.4861111111111111
6 0.5692708333333333 0.3168402777777778 0.234375 0.3350694444444444
6 0.8208333333333333 0.265625 0.36041666666666666 0.5069444444444444
6 0.8729166666666667 0.5694444444444444 0.05416666666666667 0.1840277777777778
6 0.91875 0.5659722222222222 0.04791666666666667 0.1840277777777778
6 0.9760416666666667 0.5755208333333334 0.05 0.203125
6 0.3390625 0.2682291666666667 0.209375 0.3975694444444444
8 0.5005208333333333 0.9010416666666666 1.0 0.2013888888888889
8 0.5453125 0.7717013888888888 0.2635416666666667 0.4322916666666667
8 0.8427083333333333 0.8420138888888888 0.31666666666666665 0.3194444444444444
