0 0.4828125 0.4522569444444444 0.059375 0.07465277777777778
0 0.1625 0.4852430555555556 0.06458333333333334 0.140625
0 0.37552083333333336 0.6293402777777778 0.396875 0.4809027777777778
4 0.24427083333333333 0.1970486111111111 0.48020833333333335 0.3732638888888889
4 0.7989583333333333 0.4557291666666667 0.36041666666666666 0.890625
5 0.0625 0.5086805555555556 0.12291666666666666 0.2708333333333333
5 0.5859375 0.4678819444444444 0.121875 0.21006944444444445
6 0.10885416666666667 0.3246527777777778 0.08854166666666667 0.1875
6 0.28541666666666665 0.2552083333333333 0.175 0.21180555555555555
6 0.5645833333333333 0.2873263888888889 0.11666666666666667 0.5572916666666666
7 0.19010416666666666 0.20833333333333334 0.153125 0.034722222222222224
8 0.0921875 0.7977430555555556 0.18229166666666666 0.4079861111111111
8 0.37083333333333335 0.9305555555555556 0.7270833333333333 0.1423611111111111
8 0.6364583333333333 0.7873263888888888 0.11875 0.3628472222222222
9 0.45208333333333334 0.1154513888888889 0.0125 0.03298611111111111
9 0.4578125 0.22569444444444445 0.03854166666666667 0.034722222222222224
9 0.45625 0.3376736111111111 0.035416666666666666 0.036458333333333336
9 0.4203125 0.09461805555555555 0.026041666666666668 0.08506944444444445
9 0.4171875 0.2682291666666667 0.030208333333333334 0.10243055555555555
9 0.36302083333333335 0.1875 0.042708333333333334 0.13541666666666666
9 0.35885416666666664 0.3559027777777778 0.042708333333333334 0.04513888888888889
9 0.0578125 0.15885416666666666 0.078125 0.078125
