2 0.6375 0.6840277777777778 0.08125 0.2534722222222222
3 0.3697916666666667 0.5225694444444444 0.07083333333333333 0.052083333333333336
3 0.38177083333333334 0.5477430555555556 0.040625 0.13020833333333334
3 0.5510416666666667 0.5876736111111112 0.05416666666666667 0.22395833333333334
3 0.6463541666666667 0.6571180555555556 0.084375 0.3454861111111111
3 0.8145833333333333 0.671875 0.07291666666666667 0.3645833333333333
3 0.940625 0.7144097222222222 0.12083333333333333 0.5746527777777778
4 0.15208333333333332 0.4644097222222222 0.3 0.921875
4 0.8880208333333334 0.3819444444444444 0.22604166666666667 0.3159722222222222
5 0.23125 0.7873263888888888 0.24375 0.421875
5 0.8380208333333333 0.6762152777777778 0.3260416666666667 0.265625
5 0.4817708333333333 0.5711805555555556 0.109375 0.0763888888888889
6 0.6567708333333333 0.2829861111111111 0.6885416666666667 0.5486111111111112
8 0.4432291666666667 0.7751736111111112 0.30104166666666665 0.453125
8 0.8005208333333333 0.8420138888888888 0.4010416666666667 0.2916666666666667
9 0.08072916666666667 0.4383680555555556 0.09270833333333334 0.2621527777777778
