0 0.2833333333333333 0.5355902777777778 0.06875 0.1232638888888889
0 0.6604166666666667 0.5746527777777778 0.09166666666666666 0.15625
3 0.3671875 0.6848958333333334 0.14270833333333333 0.5920138888888888
3 0.48541666666666666 0.5607638888888888 0.035416666666666666 0.1423611111111111
3 0.5979166666666667 0.5833333333333334 0.04791666666666667 0.20833333333333334
3 0.725 0.6302083333333334 0.052083333333333336 0.3159722222222222
3 0.7817708333333333 0.6154513888888888 0.03229166666666667 0.1579861111111111
3 0.8333333333333334 0.6345486111111112 0.0625 0.3385416666666667
4 0.0609375 0.3498263888888889 0.11145833333333334 0.2552083333333333
5 0.14739583333333334 0.6102430555555556 0.290625 0.22743055555555555
6 0.10520833333333333 0.2612847222222222 0.21041666666666667 0.515625
6 0.9135416666666667 0.5520833333333334 0.0625 0.22569444444444445
6 0.9786458333333333 0.5711805555555556 0.04479166666666667 0.2326388888888889
6 0.5791666666666667 0.3307291666666667 0.21458333333333332 0.328125
6 0.8041666666666667 0.2482638888888889 0.39375 0.4756944444444444
6 0.409375 0.19618055555555555 0.38125 0.3680555555555556
8 0.5026041666666666 0.9027777777777778 0.996875 0.19791666666666666
8 0.6895833333333333 0.7152777777777778 0.5958333333333333 0.13541666666666666
