0 0.6890625 0.5789930555555556 0.14895833333333333 0.16493055555555555
0 0.390625 0.5737847222222222 0.05416666666666667 0.1684027777777778
3 0.2390625 0.5416666666666666 0.47604166666666664 0.9201388888888888
3 0.7953125 0.6163194444444444 0.046875 0.14583333333333334
3 0.6005208333333333 0.5572916666666666 0.021875 0.0625
3 0.546875 0.5477430555555556 0.03125 0.11631944444444445
3 0.5130208333333334 0.546875 0.034375 0.09375
3 0.45364583333333336 0.5303819444444444 0.040625 0.08159722222222222
3 0.4125 0.5321180555555556 0.035416666666666666 0.0642361111111111
6 0.8697916666666666 0.5399305555555556 0.0375 0.20833333333333334
6 0.9213541666666667 0.5607638888888888 0.04895833333333333 0.21180555555555555
6 0.9796875 0.5685763888888888 0.042708333333333334 0.2170138888888889
6 0.7276041666666667 0.453125 0.09270833333333334 0.12152777777777778
6 0.8130208333333333 0.2508680555555556 0.3614583333333333 0.4809027777777778
6 0.5572916666666666 0.3402777777777778 0.15 0.3819444444444444
6 0.4166666666666667 0.21875 0.325 0.4166666666666667
8 0.5135416666666667 0.7881944444444444 0.175 0.4097222222222222
8 0.80625 0.8420138888888888 0.38958333333333334 0.3194444444444444
