0 0.13333333333333333 0.4756944444444444 0.09375 0.125
0 0.346875 0.5607638888888888 0.3770833333333333 0.3506944444444444
0 0.48385416666666664 0.4401041666666667 0.053125 0.08506944444444445
3 0.2203125 0.4696180555555556 0.023958333333333335 0.0642361111111111
4 0.21875 0.22135416666666666 0.42916666666666664 0.4322916666666667
4 0.4609375 0.21614583333333334 0.057291666666666664 0.2864583333333333
4 0.8026041666666667 0.4522569444444444 0.37395833333333334 0.8836805555555556
5 0.5885416666666666 0.4435763888888889 0.12083333333333333 0.1892361111111111
5 0.06927083333333334 0.5399305555555556 0.128125 0.2951388888888889
6 0.2869791666666667 0.24913194444444445 0.18020833333333333 0.21006944444444445
6 0.5552083333333333 0.2630208333333333 0.1125 0.515625
6 0.10416666666666667 0.3125 0.13125 0.15625
7 0.19270833333333334 0.2092013888888889 0.15833333333333333 0.057291666666666664
8 0.34739583333333335 0.8723958333333334 0.684375 0.22743055555555555
8 0.5682291666666667 0.6024305555555556 0.13020833333333334 0.2465277777777778
8 0.10625 0.6527777777777778 0.09791666666666667 0.2048611111111111
9 0.4557291666666667 0.1189236111111111 0.026041666666666668 0.043402777777777776
9 0.4546875 0.22135416666666666 0.03229166666666667 0.036458333333333336
9 0.41875 0.09635416666666667 0.022916666666666665 0.08854166666666667
9 0.05520833333333333 0.15364583333333334 0.07916666666666666 0.08854166666666667
9 0.365625 0.1840277777777778 0.04791666666666667 0.1284722222222222
9 0.4140625 0.2673611111111111 0.017708333333333333 0.0798611111111111
9 0.4166666666666667 0.3967013888888889 0.022916666666666665 0.06770833333333333
9 0.6322916666666667 0.3993055555555556 0.0125 0.0763888888888889
