0 0.3770833333333333 0.6501736111111112 0.41458333333333336 0.5086805555555556
0 0.16822916666666668 0.4878472222222222 0.065625 0.14583333333333334
0 0.48385416666666664 0.4383680555555556 0.053125 0.07118055555555555
4 0.24427083333333333 0.20052083333333334 0.48854166666666665 0.390625
4 0.8125 0.4574652777777778 0.34791666666666665 0.9045138888888888
5 0.065625 0.5225694444444444 0.12916666666666668 0.2534722222222222
5 0.5885416666666666 0.4800347222222222 0.12083333333333333 0.19270833333333334
6 0.109375 0.3272569444444444 0.1125 0.1996527777777778
6 0.296875 0.2734375 0.17916666666666667 0.21354166666666666
6 0.5671875 0.3029513888888889 0.109375 0.5989583333333334
7 0.19114583333333332 0.20572916666666666 0.16770833333333332 0.050347222222222224
8 0.08541666666666667 0.7881944444444444 0.16875 0.4097222222222222
8 0.6395833333333333 0.8029513888888888 0.11875 0.3836805555555556
8 0.37083333333333335 0.9479166666666666 0.7395833333333334 0.08680555555555555
9 0.4557291666666667 0.1189236111111111 0.03229166666666667 0.029513888888888888
9 0.4552083333333333 0.22569444444444445 0.03125 0.034722222222222224
9 0.45625 0.3376736111111111 0.041666666666666664 0.036458333333333336
9 0.4166666666666667 0.2699652777777778 0.022916666666666665 0.109375
9 0.415625 0.08680555555555555 0.020833333333333332 0.1076388888888889
9 0.057291666666666664 0.15711805555555555 0.07708333333333334 0.0954861111111111
9 0.36666666666666664 0.1814236111111111 0.05625 0.13368055555555555
9 0.35989583333333336 0.3576388888888889 0.04895833333333333 0.052083333333333336
