4 0.15729166666666666 0.4322916666666667 0.3125 0.8576388888888888
4 0.8921875 0.390625 0.21770833333333334 0.2951388888888889
5 0.22864583333333333 0.7786458333333334 0.25104166666666666 0.4461805555555556
5 0.8661458333333333 0.6831597222222222 0.26979166666666665 0.19270833333333334
5 0.5552083333333333 0.6015625 0.07083333333333333 0.078125
5 0.7130208333333333 0.6605902777777778 0.08645833333333333 0.10243055555555555
3 0.36875 0.5625 0.06666666666666667 0.1736111111111111
3 0.43125 0.5703125 0.04375 0.1753472222222222
3 0.46510416666666665 0.5677083333333334 0.053125 0.1701388888888889
3 0.5119791666666667 0.5729166666666666 0.046875 0.16319444444444445
3 0.6020833333333333 0.5946180555555556 0.0625 0.2378472222222222
3 0.6510416666666666 0.6015625 0.0625 0.1753472222222222
8 0.4557291666666667 0.7760416666666666 0.24895833333333334 0.4513888888888889
8 0.7953125 0.8298611111111112 0.403125 0.34375
6 0.6625 0.2951388888888889 0.6770833333333334 0.5798611111111112
9 0.07552083333333333 0.421875 0.07395833333333333 0.2604166666666667
