0 0.33697916666666666 0.5876736111111112 0.14895833333333333 0.22395833333333334
0 0.6869791666666667 0.5763888888888888 0.15104166666666666 0.1527777777777778
3 0.43697916666666664 0.5381944444444444 0.040625 0.08333333333333333
3 0.7885416666666667 0.6189236111111112 0.041666666666666664 0.1684027777777778
5 0.15260416666666668 0.6154513888888888 0.2947916666666667 0.24479166666666666
5 0.5375 0.5598958333333334 0.0875 0.0642361111111111
5 0.7453125 0.609375 0.030208333333333334 0.0625
6 0.5020833333333333 0.2647569444444444 0.9979166666666667 0.515625
6 0.9255208333333333 0.5564236111111112 0.15104166666666666 0.2170138888888889
8 0.5015625 0.8940972222222222 0.9989583333333333 0.2152777777777778
8 0.5083333333333333 0.671875 0.20208333333333334 0.19791666666666666
8 0.809375 0.7317708333333334 0.38333333333333336 0.13020833333333334
