4 0.22864583333333333 0.3133680555555556 0.33645833333333336 0.3871527777777778
4 0.5046875 0.3524305555555556 0.14895833333333333 0.2361111111111111
4 0.8765625 0.2534722222222222 0.24895833333333334 0.2986111111111111
5 0.91875 0.4791666666666667 0.16458333333333333 0.2708333333333333
5 0.22135416666666666 0.5842013888888888 0.090625 0.057291666666666664
0 0.6473958333333333 0.4956597222222222 0.04479166666666667 0.06076388888888889
0 0.7609375 0.5338541666666666 0.16354166666666667 0.2170138888888889
0 0.08333333333333333 0.5381944444444444 0.13541666666666666 0.11805555555555555
3 0.7690278125 0.5361881944444444 0.06041666666666667 0.2465277777777778
3 0.4909028125 0.5061149305555556 0.0375 0.1371527777777778
3 0.34510416666666666 0.6409914930555556 0.08668979166666667 0.41284722222222225
3 0.5958333333333333 0.4930555555555556 0.04375 0.08680555555555555
3 0.2587616145833333 0.6261573784722222 0.10803239583333334 0.4661265625
3 0.3677198958333333 0.4943286458333333 0.053125 0.1597222222222222
3 0.4296875 0.5243055555555556 0.053125 0.1736111111111111
1 0.4319791145833333 0.5694059027777778 0.09594906249999999 0.13132708333333334
8 0.5005208333333333 0.8038194444444444 0.9989583333333333 0.3784722222222222
7 0.21170140625 0.4559606770833333 0.10576385416666666 0.1158564236111111
6 0.029166666666666667 0.25 0.05 0.4826388888888889
6 0.20729166666666668 0.11197916666666667 0.2916666666666667 0.2065972222222222
6 0.40398145833333327 0.19618055555555555 0.36291666666666667 0.3888888888888889
6 0.7302083333333333 0.20399305555555555 0.05625 0.3975694444444444
6 0.6453125 0.2482638888888889 0.10729166666666666 0.4027777777777778
6 0.8776041666666666 0.09461805555555555 0.24479166666666666 0.18229166666666666
6 0.9583333333333334 0.3003472222222222 0.08541666666666667 0.4652777777777778
9 0.8067708333333333 0.2621527777777778 0.017708333333333333 0.09375
9 0.7765625 0.2890625 0.028125 0.109375
