0 0.328125 0.5954861111111112 0.16875 0.2465277777777778
0 0.6859375 0.5850694444444444 0.14479166666666668 0.1701388888888889
0 0.4453125 0.5390625 0.040625 0.029513888888888888
3 0.6010416666666667 0.5616319444444444 0.022916666666666665 0.057291666666666664
3 0.7901041666666667 0.6302083333333334 0.046875 0.1423611111111111
4 0.059375 0.3576388888888889 0.1125 0.2986111111111111
5 0.14010416666666667 0.6302083333333334 0.2677083333333333 0.2326388888888889
6 0.13645833333333332 0.24739583333333334 0.17708333333333334 0.484375
6 0.5796875 0.3307291666666667 0.20104166666666667 0.3385416666666667
6 0.8234375 0.2552083333333333 0.35520833333333335 0.4791666666666667
6 0.8630208333333333 0.5633680555555556 0.03854166666666667 0.2170138888888889
6 0.9171875 0.5677083333333334 0.053125 0.2152777777777778
6 0.9770833333333333 0.5729166666666666 0.04791666666666667 0.2222222222222222
6 0.353125 0.2890625 0.23958333333333334 0.390625
8 0.5005208333333333 0.9010416666666666 1.0 0.2013888888888889
8 0.5177083333333333 0.7708333333333334 0.18958333333333333 0.40625
8 0.8104166666666667 0.8428819444444444 0.38125 0.3177083333333333
