0 0.33645833333333336 0.5954861111111112 0.15208333333333332 0.2152777777777778
0 0.684375 0.5772569444444444 0.15416666666666667 0.1545138888888889
3 0.4427083333333333 0.5347222222222222 0.075 0.06597222222222222
3 0.5510416666666667 0.5590277777777778 0.058333333333333334 0.10416666666666667
5 0.14479166666666668 0.609375 0.29375 0.2604166666666667
5 0.7916666666666666 0.6102430555555556 0.11458333333333333 0.06076388888888889
6 0.5015625 0.2534722222222222 0.9989583333333333 0.5
8 0.5026041666666666 0.8932291666666666 0.996875 0.2170138888888889
8 0.6791666666666667 0.7300347222222222 0.6270833333333333 0.0920138888888889
8 0.5104166666666666 0.6163194444444444 0.21041666666666667 0.11805555555555555
