0 0.33541666666666664 0.5980902777777778 0.14375 0.21354166666666666
0 0.7041666666666667 0.5737847222222222 0.11666666666666667 0.140625
0 0.428125 0.5407986111111112 0.04583333333333333 0.046875
3 0.47708333333333336 0.5928819444444444 0.04583333333333333 0.21354166666666666
3 0.6192708333333333 0.6145833333333334 0.06979166666666667 0.28125
3 0.7932291666666667 0.6267361111111112 0.042708333333333334 0.15625
5 0.14583333333333334 0.6171875 0.28125 0.234375
6 0.5015625 0.2508680555555556 0.9989583333333333 0.4809027777777778
6 0.8708333333333333 0.5607638888888888 0.041666666666666664 0.21180555555555555
6 0.9234375 0.5512152777777778 0.04895833333333333 0.2065972222222222
6 0.9802083333333333 0.5607638888888888 0.041666666666666664 0.2013888888888889
6 0.5421875 0.4114583333333333 0.09479166666666666 0.3090277777777778
8 0.5041666666666667 0.9045138888888888 0.99375 0.19444444444444445
8 0.51875 0.6961805555555556 0.18541666666666667 0.2222222222222222
8 0.7958333333333333 0.7256944444444444 0.34791666666666665 0.14583333333333334
