0 0.5901041666666667 0.5529513888888888 0.065625 0.078125
1 0.6135416666666667 0.7934027777777778 0.17916666666666667 0.3784722222222222
3 0.057291666666666664 0.6970486111111112 0.1125 0.5399305555555556
3 0.4119791666666667 0.5798611111111112 0.04479166666666667 0.1840277777777778
4 0.4270833333333333 0.4262152777777778 0.4666666666666667 0.2934027777777778
4 0.7760416666666666 0.1814236111111111 0.13125 0.24131944444444445
5 0.46041666666666664 0.4626736111111111 0.06875 0.11284722222222222
5 0.7520833333333333 0.6675347222222222 0.13541666666666666 0.1996527777777778
5 0.903125 0.8211805555555556 0.19583333333333333 0.3611111111111111
5 0.5088541666666667 0.5277777777777778 0.05520833333333333 0.05555555555555555
5 0.34375 0.5798611111111112 0.06875 0.04861111111111111
5 0.1734375 0.5494791666666666 0.090625 0.046875
6 0.1234375 0.2734375 0.24479166666666666 0.5399305555555556
6 0.28229166666666666 0.5138888888888888 0.03333333333333333 0.13541666666666666
6 0.6265625 0.1935763888888889 0.7489583333333333 0.3767361111111111
6 0.69375 0.4470486111111111 0.20625 0.3142361111111111
6 0.9041666666666667 0.5164930555555556 0.19375 0.2378472222222222
7 0.5739583333333333 0.4166666666666667 0.0625 0.03819444444444445
8 0.39427083333333335 0.8689236111111112 0.7489583333333333 0.265625
8 0.5354166666666667 0.6527777777777778 0.30625 0.1597222222222222
9 0.35 0.5069444444444444 0.075 0.08680555555555555
