0 0.5838541666666667 0.5399305555555556 0.05520833333333333 0.06597222222222222
1 0.6177083333333333 0.8038194444444444 0.19166666666666668 0.3645833333333333
2 0.5375 0.5859375 0.04791666666666667 0.07465277777777778
3 0.5359375 0.5234375 0.04479166666666667 0.08159722222222222
4 0.34322916666666664 0.4826388888888889 0.13229166666666667 0.21875
4 0.5432291666666667 0.4079861111111111 0.18854166666666666 0.2361111111111111
4 0.7583333333333333 0.1545138888888889 0.10625 0.21180555555555555
5 0.8078125 0.4201388888888889 0.38645833333333335 0.3090277777777778
5 0.8479166666666667 0.6756577256944445 0.30625 0.17770434027777776
5 0.890625 0.8888888888888888 0.22083333333333333 0.22569444444444445
5 0.2203125 0.5355902777777778 0.153125 0.03993055555555555
6 0.1375 0.2881944444444444 0.27291666666666664 0.5520833333333334
6 0.6416666666666667 0.1892361111111111 0.71875 0.3611111111111111
6 0.45989583333333334 0.4487847222222222 0.07395833333333333 0.13368055555555555
8 0.365625 0.8567708333333334 0.7270833333333333 0.2899305555555556
8 0.5364583333333334 0.6345486111111112 0.2625 0.1545138888888889
9 0.35052083333333334 0.4982638888888889 0.065625 0.06944444444444445
