2 0.6421875 0.6987847222222222 0.09895833333333333 0.2378472222222222
3 0.43333333333333335 0.6276041666666666 0.08125 0.328125
3 0.49583333333333335 0.6171875 0.07083333333333333 0.3003472222222222
3 0.6463541666666667 0.640625 0.078125 0.3611111111111111
3 0.809375 0.6597222222222222 0.08333333333333333 0.3645833333333333
3 0.3703125 0.5381944444444444 0.05520833333333333 0.06944444444444445
4 0.1453125 0.3680555555555556 0.2864583333333333 0.71875
4 0.8848958333333333 0.2977430555555556 0.22395833333333334 0.3072916666666667
5 0.21822916666666667 0.7934027777777778 0.23229166666666667 0.4027777777777778
5 0.7265625 0.6440972222222222 0.07395833333333333 0.1840277777777778
5 0.9208333333333333 0.71875 0.16041666666666668 0.19444444444444445
5 0.575 0.609375 0.06458333333333334 0.09027777777777778
6 0.6489583333333333 0.2977430555555556 0.7041666666666667 0.578125
8 0.5098958333333333 0.7690972222222222 0.36354166666666665 0.4583333333333333
8 0.85 0.8758680555555556 0.3020833333333333 0.2517361111111111
9 0.08125 0.4418402777777778 0.08541666666666667 0.2899305555555556
