2 0.3880208333333333 0.5755208333333334 0.046875 0.07118055555555555
4 0.15416666666666667 0.4383680555555556 0.30625 0.8663194444444444
4 0.89375 0.3810763888888889 0.21458333333333332 0.2795138888888889
5 0.23645833333333333 0.7821180555555556 0.22916666666666666 0.4392361111111111
5 0.8723958333333334 0.6657986111111112 0.25729166666666664 0.2309027777777778
5 0.671875 0.6310763888888888 0.09166666666666666 0.11284722222222222
5 0.5744791666666667 0.5989583333333334 0.046875 0.09722222222222222
3 0.4817708333333333 0.5616319444444444 0.028125 0.09895833333333333
3 0.4390625 0.5564236111111112 0.04895833333333333 0.1440972222222222
3 0.3770833333333333 0.5321180555555556 0.0625 0.08506944444444445
3 0.5359375 0.5946180555555556 0.059375 0.21006944444444445
3 0.6197916666666666 0.5868055555555556 0.058333333333333334 0.1701388888888889
8 0.4375 0.7708333333333334 0.24166666666666667 0.4618055555555556
8 0.7817708333333333 0.8272569444444444 0.440625 0.3315972222222222
6 0.6557291666666667 0.28125 0.690625 0.5520833333333334
9 0.07135416666666666 0.4401041666666667 0.06145833333333333 0.2795138888888889
