0 0.3411458333333333 0.5946180555555556 0.146875 0.2204861111111111
0 0.6859375 0.5807291666666666 0.15104166666666666 0.171875
3 0.43072916666666666 0.5234375 0.046875 0.046875
5 0.14375 0.6171875 0.2833333333333333 0.234375
5 0.7890625 0.6050347222222222 0.121875 0.05381944444444445
5 0.5348958333333333 0.5512152777777778 0.090625 0.050347222222222224
6 0.5026041666666666 0.2526041666666667 0.996875 0.4947916666666667
6 0.9197916666666667 0.5104166666666666 0.15416666666666667 0.18055555555555555
8 0.5015625 0.8810763888888888 0.9989583333333333 0.21006944444444445
8 0.6796875 0.7152777777777778 0.628125 0.09027777777777778
8 0.5109375 0.5954861111111112 0.18229166666666666 0.11805555555555555
