2 0.6598958333333333 0.7170138888888888 0.059375 0.19791666666666666
3 0.36614583333333334 0.5295138888888888 0.053125 0.05555555555555555
3 0.4348958333333333 0.6032986111111112 0.08020833333333334 0.2552083333333333
3 0.653125 0.6310763888888888 0.09166666666666666 0.3315972222222222
3 0.8125 0.6727430555555556 0.07916666666666666 0.3628472222222222
4 0.1484375 0.4149305555555556 0.29270833333333335 0.8194444444444444
4 0.8979166666666667 0.3125 0.17916666666666667 0.2916666666666667
5 0.21302083333333333 0.8125 0.228125 0.3784722222222222
5 0.5552083333333333 0.5989583333333334 0.12708333333333333 0.08333333333333333
5 0.7421875 0.6493055555555556 0.07395833333333333 0.17708333333333334
5 0.9302083333333333 0.7048611111111112 0.14166666666666666 0.2013888888888889
6 0.6536458333333334 0.2803819444444444 0.6947916666666667 0.5538194444444444
8 0.4901041666666667 0.7638888888888888 0.35520833333333335 0.4618055555555556
8 0.8380208333333333 0.8541666666666666 0.3260416666666667 0.2951388888888889
9 0.07083333333333333 0.4418402777777778 0.058333333333333334 0.2552083333333333
