0 0.32708333333333334 0.5868055555555556 0.16875 0.22569444444444445
0 0.6854166666666667 0.5833333333333334 0.15625 0.17708333333333334
3 0.16770833333333332 0.6484375 0.1875 0.6579861111111112
3 0.46770833333333334 0.6753472222222222 0.16875 0.6527777777777778
3 0.8552083333333333 0.6779513888888888 0.20625 0.6475694444444444
4 0.05520833333333333 0.3420138888888889 0.10208333333333333 0.25
5 0.034895833333333334 0.6145833333333334 0.065625 0.2048611111111111
5 0.7416666666666667 0.6145833333333334 0.03333333333333333 0.052083333333333336
6 0.15 0.16145833333333334 0.17916666666666667 0.28125
6 0.8223958333333333 0.17881944444444445 0.3572916666666667 0.3263888888888889
6 0.9692708333333333 0.5520833333333334 0.06354166666666666 0.22569444444444445
6 0.446875 0.2838541666666667 0.39166666666666666 0.5260416666666666
8 0.5041666666666667 0.9157986111111112 0.99375 0.171875
8 0.6604166666666667 0.7291666666666666 0.19583333333333333 0.2326388888888889
