0 0.3338541666666667 0.6006944444444444 0.153125 0.2569444444444444
0 0.6869791666666667 0.5824652777777778 0.14895833333333333 0.1753472222222222
0 0.9557291666666666 0.7274305555555556 0.090625 0.2534722222222222
3 0.5010416666666667 0.5642361111111112 0.04375 0.1284722222222222
3 0.65 0.5850694444444444 0.04375 0.2222222222222222
3 0.7921875 0.6232638888888888 0.04479166666666667 0.14583333333333334
4 0.059375 0.3567708333333333 0.11666666666666667 0.328125
5 0.15364583333333334 0.6380208333333334 0.30520833333333336 0.2170138888888889
5 0.5677083333333334 0.5572916666666666 0.06041666666666667 0.10069444444444445
5 0.8421875 0.6171875 0.04479166666666667 0.08159722222222222
6 0.13177083333333334 0.2664930555555556 0.19270833333333334 0.5260416666666666
6 0.8104166666666667 0.296875 0.38125 0.5729166666666666
6 0.58125 0.3142361111111111 0.27708333333333335 0.40625
6 0.3609375 0.2760416666666667 0.25104166666666666 0.4027777777777778
6 0.8682291666666667 0.5355902777777778 0.04895833333333333 0.2170138888888889
6 0.9171875 0.5390625 0.034375 0.2170138888888889
6 0.975 0.5347222222222222 0.052083333333333336 0.19444444444444445
8 0.5046875 0.9071180555555556 0.9927083333333333 0.1892361111111111
8 0.621875 0.7118055555555556 0.44166666666666665 0.16319444444444445
8 0.47708333333333336 0.5859375 0.11666666666666667 0.11284722222222222
