0 0.3380208333333333 0.6015625 0.146875 0.2309027777777778
0 0.684375 0.5850694444444444 0.14375 0.16319444444444445
3 0.4640625 0.5512152777777778 0.040625 0.10243055555555555
3 0.9015625 0.6875 0.165625 0.5902777777777778
3 0.6026041666666667 0.5633680555555556 0.017708333333333333 0.05381944444444445
3 0.7947916666666667 0.6163194444444444 0.05 0.125
5 0.14427083333333332 0.6128472222222222 0.28020833333333334 0.24305555555555555
5 0.5390625 0.5625 0.08645833333333333 0.03125
6 0.13489583333333333 0.2560763888888889 0.259375 0.4947916666666667
6 0.6375 0.2604166666666667 0.7270833333333333 0.4965277777777778
8 0.5015625 0.9045138888888888 0.9989583333333333 0.19444444444444445
8 0.5119791666666667 0.6909722222222222 0.18645833333333334 0.21875
8 0.8098958333333334 0.7447916666666666 0.38229166666666664 0.125
