0 0.3380208333333333 0.5876736111111112 0.15520833333333334 0.2170138888888889
0 0.6848958333333334 0.5737847222222222 0.14270833333333333 0.1440972222222222
3 0.08385416666666666 0.5729166666666666 0.16979166666666667 0.8576388888888888
3 0.7947916666666667 0.6223958333333334 0.052083333333333336 0.171875
3 0.4546875 0.5381944444444444 0.103125 0.0625
5 0.20572916666666666 0.6145833333333334 0.134375 0.23958333333333334
5 0.8364583333333333 0.6276041666666666 0.04583333333333333 0.046875
5 0.5411458333333333 0.5529513888888888 0.103125 0.078125
6 0.09947916666666666 0.07552083333333333 0.19479166666666667 0.1371527777777778
6 0.5885416666666666 0.2552083333333333 0.825 0.4756944444444444
6 0.9203125 0.53125 0.16145833333333334 0.19791666666666666
8 0.5880208333333333 0.8967013888888888 0.8260416666666667 0.21006944444444445
8 0.5057291666666667 0.6831597222222222 0.203125 0.1996527777777778
8 0.8078125 0.7248263888888888 0.38645833333333335 0.13020833333333334
