0 0.3296875 0.5989583333333334 0.16145833333333334 0.23958333333333334
0 0.6895833333333333 0.5859375 0.15416666666666667 0.1684027777777778
0 0.45989583333333334 0.5460069444444444 0.059375 0.078125
3 0.7921875 0.6215277777777778 0.042708333333333334 0.14930555555555555
3 0.6020833333333333 0.5659722222222222 0.027083333333333334 0.07291666666666667
4 0.058854166666666666 0.3203125 0.11145833333333334 0.2586805555555556
5 0.1453125 0.6206597222222222 0.278125 0.2690972222222222
5 0.853125 0.6276041666666666 0.06041666666666667 0.08506944444444445
5 0.5442708333333334 0.5555555555555556 0.084375 0.06944444444444445
6 0.14322916666666666 0.2534722222222222 0.17395833333333333 0.4861111111111111
6 0.5833333333333334 0.3081597222222222 0.20625 0.3732638888888889
6 0.8234375 0.2621527777777778 0.34270833333333334 0.5034722222222222
6 0.8609375 0.5486111111111112 0.051041666666666666 0.16319444444444445
6 0.9229166666666667 0.5772569444444444 0.052083333333333336 0.1996527777777778
6 0.98125 0.5763888888888888 0.03958333333333333 0.21180555555555555
6 0.35833333333333334 0.2751736111111111 0.21458333333333332 0.421875
8 0.5020833333333333 0.9097222222222222 0.9979166666666667 0.1840277777777778
8 0.5177083333333333 0.7829861111111112 0.2 0.4201388888888889
8 0.7854166666666667 0.8428819444444444 0.31666666666666665 0.3177083333333333
