4 0.29635416666666664 0.4331597222222222 0.2989583333333333 0.234375
4 0.5541666666666667 0.3619791666666667 0.21041666666666667 0.2170138888888889
4 0.7505208333333333 0.16493055555555555 0.103125 0.1909722222222222
5 0.1671875 0.5182291666666666 0.24479166666666666 0.0920138888888889
5 0.8453125 0.7664930555555556 0.31145833333333334 0.4704861111111111
0 0.596875 0.5425347222222222 0.06458333333333334 0.078125
3 0.5550561979166667 0.5876736111111112 0.056934270833333335 0.19270833333333334
3 0.22804895833333336 0.7006412326388889 0.17664229166666667 0.6021897569444445
3 0.44273114583333334 0.563463107638889 0.05416666666666667 0.1831154513888889
3 0.36089562500000005 0.7238315972222222 0.14744520833333336 0.4755170138888889
3 0.4810713020833334 0.5674549479166666 0.046190729166666666 0.16539947916666667
1 0.6161458333333333 0.7821180555555556 0.18854166666666666 0.4392361111111111
8 0.415625 0.7855902777777778 0.8229166666666666 0.4322916666666667
7 0.5890625 0.4175347222222222 0.10520833333333333 0.046875
6 0.503125 0.2855902777777778 0.9958333333333333 0.5642361111111112
9 0.3463541666666667 0.4973958333333333 0.065625 0.0920138888888889
9 0.734375 0.1987847222222222 0.04375 0.0954861111111111
