4 0.15572916666666667 0.4427083333333333 0.309375 0.8784722222222222
4 0.8953125 0.3706597222222222 0.21145833333333333 0.3107638888888889
5 0.2265625 0.7751736111111112 0.253125 0.453125
5 0.8192708333333333 0.6770833333333334 0.17604166666666668 0.15625
5 0.6510416666666666 0.6145833333333334 0.16041666666666668 0.1388888888888889
5 0.5302083333333333 0.5798611111111112 0.07083333333333333 0.08680555555555555
3 0.37395833333333334 0.5364583333333334 0.05625 0.0798611111111111
3 0.43854166666666666 0.5555555555555556 0.04375 0.14583333333333334
3 0.4791666666666667 0.5564236111111112 0.05625 0.1440972222222222
3 0.9484375 0.6727430555555556 0.10520833333333333 0.515625
1 0.8541666666666666 0.8645833333333334 0.29375 0.2743055555555556
8 0.4666666666666667 0.7760416666666666 0.3 0.4513888888888889
8 0.7390625 0.8550347222222222 0.26145833333333335 0.2934027777777778
6 0.6557291666666667 0.2734375 0.690625 0.5434027777777778
9 0.06770833333333333 0.4357638888888889 0.06875 0.2881944444444444
