0 0.3385416666666667 0.5980902777777778 0.14791666666666667 0.22395833333333334
0 0.6802083333333333 0.5763888888888888 0.14166666666666666 0.16319444444444445
3 0.453125 0.5399305555555556 0.09166666666666666 0.059027777777777776
3 0.8005208333333333 0.6076388888888888 0.059375 0.2569444444444444
5 0.14583333333333334 0.6232638888888888 0.28958333333333336 0.24305555555555555
5 0.5411458333333333 0.5546875 0.090625 0.050347222222222224
5 0.7520833333333333 0.6050347222222222 0.041666666666666664 0.05381944444444445
6 0.5015625 0.2517361111111111 0.9989583333333333 0.4895833333333333
6 0.9161458333333333 0.5243055555555556 0.16979166666666667 0.2013888888888889
8 0.5036458333333333 0.8932291666666666 0.9947916666666666 0.2170138888888889
8 0.5135416666666667 0.6744791666666666 0.1875 0.19270833333333334
8 0.809375 0.7317708333333334 0.38333333333333336 0.11979166666666667
