0 0.33697916666666666 0.5946180555555556 0.15729166666666666 0.234375
0 0.6838541666666667 0.5746527777777778 0.159375 0.1597222222222222
1 0.4479166666666667 0.5529513888888888 0.022916666666666665 0.03298611111111111
2 0.534375 0.5815972222222222 0.03958333333333333 0.08333333333333333
3 0.5317708333333333 0.5138888888888888 0.04895833333333333 0.059027777777777776
3 0.9041666666666667 0.5928819444444444 0.04791666666666667 0.19618055555555555
5 0.153125 0.5954861111111112 0.30416666666666664 0.2708333333333333
5 0.7932291666666667 0.6067708333333334 0.11770833333333333 0.06076388888888889
6 0.5010416666666667 0.2708333333333333 1.0 0.53125
6 0.9229166666666667 0.5564236111111112 0.15625 0.21006944444444445
8 0.5015625 0.8871527777777778 0.9989583333333333 0.22916666666666666
8 0.69375 0.7083333333333334 0.6145833333333334 0.09722222222222222
8 0.5 0.5989583333333334 0.18125 0.1111111111111111
