0 0.5895833333333333 0.5399305555555556 0.06666666666666667 0.07291666666666667
1 0.628125 0.8012152777777778 0.16875 0.4010416666666667
3 0.3963541666666667 0.5972222222222222 0.065625 0.22916666666666666
3 0.5015625 0.5850694444444444 0.05520833333333333 0.2048611111111111
4 0.37395833333333334 0.3888888888888889 0.5333333333333333 0.3472222222222222
4 0.7677083333333333 0.13975694444444445 0.125 0.2309027777777778
5 0.33697916666666666 0.5711805555555556 0.06145833333333333 0.04513888888888889
5 0.25364583333333335 0.5251736111111112 0.090625 0.036458333333333336
5 0.7619791666666667 0.6571180555555556 0.14479166666666668 0.21354166666666666
5 0.9005208333333333 0.8333333333333334 0.20104166666666667 0.3368055555555556
5 0.1078125 0.5807291666666666 0.06770833333333333 0.06076388888888889
5 0.45260416666666664 0.4809027777777778 0.071875 0.16319444444444445
6 0.35208333333333336 0.1935763888888889 0.7 0.3767361111111111
6 0.1515625 0.4817708333333333 0.30104166666666665 0.16493055555555555
6 0.9197916666666667 0.3333333333333333 0.1625 0.65625
6 0.715625 0.4010416666666667 0.22916666666666666 0.2951388888888889
7 0.5822916666666667 0.4131944444444444 0.08125 0.041666666666666664
8 0.2734375 0.875 0.546875 0.2534722222222222
8 0.4791666666666667 0.6657986111111112 0.19166666666666668 0.1232638888888889
8 0.7192708333333333 0.8272569444444444 0.146875 0.3489583333333333
9 0.34739583333333335 0.5026041666666666 0.06979166666666667 0.08506944444444445
