0 0.3338541666666667 0.5902777777777778 0.146875 0.21875
0 0.6828125 0.5789930555555556 0.153125 0.16493055555555555
3 0.44114583333333335 0.5381944444444444 0.03229166666666667 0.06944444444444445
3 0.4864583333333333 0.5538194444444444 0.04375 0.0798611111111111
3 0.7916666666666666 0.6302083333333334 0.04583333333333333 0.1423611111111111
5 0.15520833333333334 0.6137152777777778 0.28958333333333336 0.2552083333333333
5 0.5520833333333334 0.5711805555555556 0.08125 0.03819444444444445
6 0.5010416666666667 0.2508680555555556 1.0 0.4913194444444444
6 0.9177083333333333 0.5442708333333334 0.16666666666666666 0.2065972222222222
8 0.5015625 0.8871527777777778 0.9989583333333333 0.22916666666666666
8 0.5104166666666666 0.6684027777777778 0.19375 0.18055555555555555
8 0.8078125 0.7256944444444444 0.38645833333333335 0.10069444444444445
