0 0.34010416666666665 0.5920138888888888 0.14895833333333333 0.22916666666666666
0 0.6854166666666667 0.5772569444444444 0.15208333333333332 0.16145833333333334
2 0.5484375 0.5920138888888888 0.046875 0.1076388888888889
3 0.4140625 0.5199652777777778 0.046875 0.0642361111111111
3 0.5489583333333333 0.5164930555555556 0.04375 0.057291666666666664
3 0.9057291666666667 0.5928819444444444 0.051041666666666666 0.19270833333333334
5 0.5026041666666666 0.5434027777777778 0.065625 0.059027777777777776
5 0.14427083333333332 0.5998263888888888 0.2864583333333333 0.2725694444444444
5 0.7895833333333333 0.6137152777777778 0.11041666666666666 0.0642361111111111
6 0.5005208333333333 0.2769097222222222 1.0 0.5364583333333334
6 0.9213541666666667 0.5347222222222222 0.159375 0.2152777777777778
8 0.5026041666666666 0.8932291666666666 0.996875 0.2170138888888889
8 0.6953125 0.7222222222222222 0.6052083333333333 0.10069444444444445
8 0.4979166666666667 0.6111111111111112 0.15625 0.10069444444444445
