0 0.3296875 0.5972222222222222 0.16145833333333334 0.23958333333333334
0 0.6880208333333333 0.5789930555555556 0.15104166666666666 0.1753472222222222
3 0.5130208333333334 0.546875 0.040625 0.09375
3 0.42916666666666664 0.5338541666666666 0.05416666666666667 0.078125
3 0.7901041666666667 0.6206597222222222 0.040625 0.14756944444444445
5 0.058854166666666666 0.5642361111111112 0.10104166666666667 0.2881944444444444
5 0.21041666666666667 0.6284722222222222 0.17291666666666666 0.2152777777777778
5 0.8427083333333333 0.6015625 0.041666666666666664 0.046875
5 0.5729166666666666 0.5659722222222222 0.04375 0.06944444444444445
6 0.1375 0.2612847222222222 0.15416666666666667 0.5017361111111112
6 0.828125 0.2560763888888889 0.34375 0.4878472222222222
6 0.8651041666666667 0.5520833333333334 0.042708333333333334 0.1597222222222222
6 0.921875 0.5590277777777778 0.052083333333333336 0.1701388888888889
6 0.98125 0.5703125 0.03958333333333333 0.19270833333333334
6 0.5505208333333333 0.3654513888888889 0.128125 0.390625
6 0.35208333333333336 0.24479166666666666 0.2520833333333333 0.4548611111111111
8 0.5041666666666667 0.8984375 0.99375 0.2065972222222222
8 0.5104166666666666 0.6875 0.18958333333333333 0.2048611111111111
8 0.14166666666666666 0.8263888888888888 0.014583333333333334 0.003472222222222222
8 0.809375 0.7517361111111112 0.375 0.13541666666666666
