2 0.6458333333333334 0.6848958333333334 0.09166666666666666 0.2482638888888889
3 0.4010416666666667 0.5651041666666666 0.035416666666666666 0.1267361111111111
3 0.375 0.53125 0.07916666666666666 0.034722222222222224
3 0.5661458333333333 0.5989583333333334 0.06979166666666667 0.2534722222222222
3 0.6557291666666667 0.6501736111111112 0.08020833333333334 0.3246527777777778
3 0.8151041666666666 0.6597222222222222 0.08854166666666667 0.3784722222222222
4 0.15729166666666666 0.4279513888888889 0.29791666666666666 0.8385416666666666
4 0.890625 0.3524305555555556 0.22083333333333333 0.40625
5 0.24635416666666668 0.7786458333333334 0.24895833333333334 0.4288194444444444
5 0.8442708333333333 0.6909722222222222 0.31354166666666666 0.2847222222222222
5 0.4796875 0.5711805555555556 0.11145833333333334 0.0763888888888889
6 0.6421875 0.2847222222222222 0.7052083333333333 0.5659722222222222
8 0.465625 0.765625 0.3125 0.4583333333333333
8 0.8161458333333333 0.8454861111111112 0.3697916666666667 0.3125
9 0.06666666666666667 0.4322916666666667 0.06041666666666667 0.2638888888888889
