0 0.5921875 0.5442708333333334 0.06145833333333333 0.07465277777777778
1 0.6239583333333333 0.7977430555555556 0.1625 0.4079861111111111
3 0.4078125 0.5755208333333334 0.051041666666666666 0.19270833333333334
4 0.36614583333333334 0.4244791666666667 0.5427083333333333 0.3211805555555556
4 0.7572916666666667 0.1857638888888889 0.09375 0.21875
5 0.10677083333333333 0.5581597222222222 0.09479166666666666 0.06770833333333333
5 0.7494791666666667 0.6588541666666666 0.13020833333333334 0.2065972222222222
5 0.8921875 0.8255208333333334 0.21770833333333334 0.3524305555555556
5 0.5182291666666666 0.5520833333333334 0.06145833333333333 0.07291666666666667
5 0.31666666666666665 0.5685763888888888 0.0875 0.0642361111111111
5 0.4609375 0.4835069444444444 0.06979166666666667 0.13368055555555555
6 0.14010416666666667 0.2803819444444444 0.28020833333333334 0.5503472222222222
6 0.4973958333333333 0.1996527777777778 0.41770833333333335 0.3819444444444444
6 0.6911458333333333 0.4296875 0.16770833333333332 0.2899305555555556
6 0.8864583333333333 0.3177083333333333 0.22916666666666666 0.6145833333333334
7 0.5838541666666667 0.4210069444444444 0.07604166666666666 0.043402777777777776
8 0.3885416666666667 0.8706597222222222 0.7583333333333333 0.2621527777777778
8 0.5182291666666666 0.6510416666666666 0.34270833333333334 0.14930555555555555
9 0.35 0.5043402777777778 0.075 0.078125
