0 0.3302083333333333 0.5963541666666666 0.16875 0.24479166666666666
0 0.6854166666666667 0.578125 0.16041666666666668 0.16666666666666666
0 0.8723958333333334 0.6814236111111112 0.25729166666666664 0.3107638888888889
3 0.48333333333333334 0.5520833333333334 0.03958333333333333 0.125
3 0.5682291666666667 0.6059027777777778 0.053125 0.2708333333333333
3 0.7927083333333333 0.5954861111111112 0.0375 0.09375
4 0.06354166666666666 0.3663194444444444 0.12291666666666666 0.3611111111111111
5 0.1484375 0.6328125 0.265625 0.24131944444444445
5 0.4552083333333333 0.515625 0.06041666666666667 0.03125
6 0.15208333333333332 0.2673611111111111 0.18333333333333332 0.5243055555555556
6 0.815625 0.2881944444444444 0.37083333333333335 0.5659722222222222
6 0.9114583333333334 0.4930555555555556 0.12083333333333333 0.10069444444444445
6 0.5625 0.3029513888888889 0.2125 0.3975694444444444
6 0.3463541666666667 0.2690972222222222 0.18645833333333334 0.3923611111111111
8 0.5046875 0.90625 0.9927083333333333 0.1909722222222222
8 0.5744791666666667 0.6953125 0.31145833333333334 0.19618055555555555
