0 0.33541666666666664 0.5928819444444444 0.16458333333333333 0.2170138888888889
0 0.715625 0.5755208333333334 0.09583333333333334 0.1371527777777778
3 0.090625 0.6050347222222222 0.17916666666666667 0.765625
3 0.478125 0.5659722222222222 0.035416666666666666 0.1423611111111111
3 0.646875 0.6119791666666666 0.0625 0.2795138888888889
3 0.8223958333333333 0.6770833333333334 0.10520833333333333 0.4652777777777778
3 0.959375 0.671875 0.08333333333333333 0.4791666666666667
5 0.22395833333333334 0.6085069444444444 0.14375 0.2517361111111111
5 0.5395833333333333 0.5694444444444444 0.0875 0.052083333333333336
6 0.12239583333333333 0.1154513888888889 0.23645833333333333 0.21354166666666666
6 0.24479166666666666 0.3532986111111111 0.3125 0.2065972222222222
6 0.43645833333333334 0.2552083333333333 0.35833333333333334 0.4930555555555556
6 0.8130208333333333 0.2265625 0.37604166666666666 0.4322916666666667
8 0.5239583333333333 0.7916666666666666 0.175 0.4201388888888889
8 0.6005208333333333 0.9270833333333334 0.8010416666666667 0.14930555555555555
8 0.8005208333333333 0.7682291666666666 0.3802083333333333 0.1371527777777778
