0 0.32447916666666665 0.59375 0.15520833333333334 0.23958333333333334
0 0.7208333333333333 0.5729166666666666 0.09791666666666667 0.1111111111111111
3 0.43072916666666666 0.6197916666666666 0.03854166666666667 0.3055555555555556
3 0.4890625 0.6163194444444444 0.042708333333333334 0.2986111111111111
3 0.6776041666666667 0.6041666666666666 0.06354166666666666 0.2777777777777778
3 0.6130208333333333 0.6197916666666666 0.051041666666666666 0.2986111111111111
3 0.5630208333333333 0.5659722222222222 0.042708333333333334 0.13194444444444445
4 0.0625 0.3237847222222222 0.12083333333333333 0.2309027777777778
5 0.14791666666666667 0.5928819444444444 0.275 0.296875
6 0.14166666666666666 0.2248263888888889 0.1625 0.4288194444444444
6 0.5833333333333334 0.22569444444444445 0.1875 0.4479166666666667
6 0.8338541666666667 0.2829861111111111 0.3260416666666667 0.5451388888888888
6 0.8625 0.5460069444444444 0.04791666666666667 0.2482638888888889
6 0.9171875 0.5598958333333334 0.05520833333333333 0.21006944444444445
6 0.9822916666666667 0.5434027777777778 0.0375 0.21180555555555555
6 0.3572916666666667 0.2404513888888889 0.24375 0.4253472222222222
8 0.50625 0.9071180555555556 0.9895833333333334 0.1892361111111111
8 0.7104166666666667 0.7135416666666666 0.5541666666666667 0.1527777777777778
