2 0.4114583333333333 0.6163194444444444 0.052083333333333336 0.13194444444444445
4 0.15677083333333333 0.4288194444444444 0.30520833333333336 0.8333333333333334
4 0.890625 0.3862847222222222 0.22083333333333333 0.3246527777777778
5 0.5270833333333333 0.5928819444444444 0.14791666666666667 0.10590277777777778
5 0.6671875 0.640625 0.028125 0.08680555555555555
5 0.86875 0.7126736111111112 0.26458333333333334 0.1996527777777778
3 0.4192708333333333 0.5842013888888888 0.053125 0.1857638888888889
3 0.3645833333333333 0.5355902777777778 0.027083333333333334 0.078125
3 0.6255208333333333 0.625 0.09479166666666666 0.3090277777777778
3 0.7130208333333333 0.6302083333333334 0.07604166666666666 0.2604166666666667
8 0.46041666666666664 0.7734375 0.27291666666666664 0.4496527777777778
8 0.8046875 0.8359375 0.3927083333333333 0.3315972222222222
6 0.6614583333333334 0.2751736111111111 0.6791666666666667 0.5399305555555556
9 0.0765625 0.4348958333333333 0.08020833333333334 0.2934027777777778
