0 0.15364583333333334 0.4791666666666667 0.09479166666666666 0.1284722222222222
0 0.3697916666666667 0.6119791666666666 0.4083333333333333 0.4322916666666667
0 0.4822916666666667 0.4383680555555556 0.05625 0.07118055555555555
4 0.22083333333333333 0.2144097222222222 0.4395833333333333 0.4114583333333333
4 0.4557291666666667 0.20225694444444445 0.051041666666666666 0.328125
4 0.8005208333333333 0.4453125 0.36354166666666665 0.8732638888888888
5 0.06875 0.5407986111111112 0.12916666666666668 0.296875
5 0.5921875 0.4661458333333333 0.13645833333333332 0.1857638888888889
6 0.10208333333333333 0.3159722222222222 0.10208333333333333 0.16319444444444445
6 0.28177083333333336 0.2517361111111111 0.184375 0.2222222222222222
6 0.5619791666666667 0.2526041666666667 0.11145833333333334 0.4982638888888889
7 0.19375 0.2048611111111111 0.16666666666666666 0.041666666666666664
8 0.13541666666666666 0.7682291666666666 0.09791666666666667 0.4184027777777778
8 0.1171875 0.8463541666666666 0.21770833333333334 0.2795138888888889
8 0.3651041666666667 0.9045138888888888 0.7260416666666667 0.17708333333333334
8 0.6005208333333333 0.7751736111111112 0.07604166666666666 0.453125
9 0.05364583333333333 0.1501736111111111 0.08645833333333333 0.0920138888888889
9 0.36822916666666666 0.18229166666666666 0.053125 0.14583333333333334
9 0.4552083333333333 0.12152777777777778 0.016666666666666666 0.034722222222222224
9 0.453125 0.22395833333333334 0.035416666666666666 0.03819444444444445
9 0.415625 0.08072916666666667 0.020833333333333332 0.07118055555555555
9 0.4119791666666667 0.2612847222222222 0.021875 0.0954861111111111
9 0.6390625 0.3880208333333333 0.028125 0.08854166666666667
