2 0.5671875 0.6501736111111112 0.09895833333333333 0.1857638888888889
4 0.153125 0.4348958333333333 0.30625 0.859375
4 0.8895833333333333 0.3602430555555556 0.22291666666666668 0.2586805555555556
5 0.23541666666666666 0.7769097222222222 0.24583333333333332 0.4496527777777778
5 0.44114583333333335 0.5590277777777778 0.09479166666666666 0.052083333333333336
5 0.6432291666666666 0.6345486111111112 0.07604166666666666 0.109375
5 0.8723958333333334 0.6961805555555556 0.25729166666666664 0.23958333333333334
3 0.371875 0.5355902777777778 0.07083333333333333 0.08854166666666667
3 0.4973958333333333 0.5616319444444444 0.04895833333333333 0.1684027777777778
3 0.5635416666666667 0.6111111111111112 0.08333333333333333 0.2638888888888889
3 0.6942708333333333 0.6484375 0.11145833333333334 0.3697916666666667
3 0.8161458333333333 0.65625 0.08854166666666667 0.3715277777777778
8 0.4505208333333333 0.7838541666666666 0.30104166666666665 0.4079861111111111
8 0.7942708333333334 0.8446180555555556 0.41354166666666664 0.3142361111111111
6 0.6505208333333333 0.2725694444444444 0.7010416666666667 0.5416666666666666
9 0.06458333333333334 0.4270833333333333 0.06041666666666667 0.2604166666666667
