0 0.1609375 0.4869791666666667 0.06145833333333333 0.1440972222222222
0 0.3729166666666667 0.6223958333333334 0.41458333333333336 0.4600694444444444
0 0.48020833333333335 0.4435763888888889 0.06666666666666667 0.0920138888888889
4 0.24427083333333333 0.2092013888888889 0.48854166666666665 0.3940972222222222
4 0.8098958333333334 0.4548611111111111 0.359375 0.8993055555555556
5 0.06770833333333333 0.5199652777777778 0.13333333333333333 0.2586805555555556
5 0.5770833333333333 0.4574652777777778 0.14375 0.17881944444444445
6 0.1046875 0.3211805555555556 0.121875 0.19791666666666666
6 0.2984375 0.2743055555555556 0.18229166666666666 0.20833333333333334
6 0.5583333333333333 0.2960069444444444 0.10625 0.5746527777777778
7 0.1875 0.1987847222222222 0.16041666666666668 0.036458333333333336
8 0.09479166666666666 0.7786458333333334 0.17916666666666667 0.4253472222222222
8 0.6411458333333333 0.7942708333333334 0.10104166666666667 0.3836805555555556
8 0.3645833333333333 0.9262152777777778 0.7270833333333333 0.1232638888888889
9 0.45364583333333336 0.11631944444444445 0.026041666666666668 0.034722222222222224
9 0.4557291666666667 0.2265625 0.04479166666666667 0.03298611111111111
9 0.4630208333333333 0.3411458333333333 0.053125 0.03993055555555555
9 0.3651041666666667 0.20052083333333334 0.04895833333333333 0.1440972222222222
9 0.4203125 0.09288194444444445 0.026041666666666668 0.08159722222222222
9 0.4239583333333333 0.2560763888888889 0.0375 0.0954861111111111
9 0.359375 0.3559027777777778 0.05 0.05555555555555555
9 0.05677083333333333 0.15625 0.084375 0.10416666666666667
