0 0.33697916666666666 0.5885416666666666 0.16145833333333334 0.21180555555555555
0 0.6828125 0.5815972222222222 0.16770833333333332 0.1736111111111111
3 0.4328125 0.546875 0.042708333333333334 0.06597222222222222
3 0.4869791666666667 0.5486111111111112 0.042708333333333334 0.06944444444444445
3 0.7916666666666666 0.6241319444444444 0.0375 0.1371527777777778
5 0.14947916666666666 0.6180555555555556 0.284375 0.2465277777777778
6 0.503125 0.2586805555555556 0.9958333333333333 0.4965277777777778
6 0.9223958333333333 0.5277777777777778 0.15729166666666666 0.1875
8 0.5015625 0.8923611111111112 0.9989583333333333 0.21875
8 0.5104166666666666 0.6684027777777778 0.18958333333333333 0.20833333333333334
8 0.8078125 0.7291666666666666 0.38645833333333335 0.09375
