4 0.22864583333333333 0.3133680555555556 0.33645833333333336 0.3871527777777778
4 0.5046875 0.3524305555555556 0.14895833333333333 0.2361111111111111
4 0.8765625 0.2534722222222222 0.24895833333333334 0.2986111111111111
5 0.3360069791666667 0.5130208333333334 0.10104166666666667 0.171875
5 0.91875 0.4795331597222222 0.16458333333333333 0.2715663194444444
5 0.2765625 0.5694444444444444 0.178125 0.0763888888888889
0 0.6473958333333333 0.4956597222222222 0.04479166666666667 0.06076388888888889
0 0.7609375 0.5338541666666666 0.16354166666666667 0.2170138888888889
0 0.08333333333333333 0.5381944444444444 0.13541666666666666 0.11805555555555555
3 0.13359958333333335 0.5247493055555554 0.084375 0.1892361111111111
3 0.7817361458333333 0.5425154513888889 0.06875 0.24930555555555556
3 0.3647453125 0.5572723090277778 0.06962958333333333 0.27411267361111114
3 0.45417822916666667 0.5428241319444445 0.052939791666666666 0.22399687499999998
3 0.4299305729166667 0.5740933159722222 0.06074072916666667 0.23553246527777777
3 0.6139814583333333 0.5099343749999999 0.052083333333333336 0.08159722222222222
3 0.5854629166666666 0.49901631944444447 0.031064791666666664 0.11902013888888889
3 0.49260421875000004 0.510378125 0.0409028125 0.15061736111111113
1 0.12918979166666666 0.5980322916666667 0.12000000000000001 0.1382715277777778
8 0.5005208333333333 0.8038194444444444 0.9989583333333333 0.3784722222222222
7 0.22708333333333333 0.4609375 0.12291666666666666 0.11631944444444445
6 0.029166666666666667 0.25 0.05 0.4826388888888889
6 0.20729166666666668 0.11197916666666667 0.2916666666666667 0.2065972222222222
6 0.4010416666666667 0.234375 0.37083333333333335 0.4652777777777778
6 0.7302083333333333 0.20399305555555555 0.05625 0.3975694444444444
6 0.6453125 0.2586805555555556 0.10729166666666666 0.4236111111111111
6 0.8776041666666666 0.09461805555555555 0.24479166666666666 0.18229166666666666
6 0.9583333333333334 0.3003472222222222 0.08541666666666667 0.4652777777777778
9 0.8067708333333333 0.2621527777777778 0.017708333333333333 0.09375
9 0.7765625 0.2890625 0.028125 0.109375
