0 0.32760416666666664 0.5885416666666666 0.16979166666666667 0.2465277777777778
0 0.5270833333333333 0.5625 0.13333333333333333 0.13194444444444445
0 0.6885416666666667 0.5807291666666666 0.14791666666666667 0.171875
3 0.7885416666666667 0.6302083333333334 0.03958333333333333 0.1423611111111111
3 0.4552083333333333 0.5477430555555556 0.0375 0.07118055555555555
4 0.05520833333333333 0.3619791666666667 0.11458333333333333 0.2899305555555556
5 0.15520833333333334 0.640625 0.29583333333333334 0.2222222222222222
6 0.1375 0.2664930555555556 0.18333333333333332 0.515625
6 0.5755208333333334 0.3255208333333333 0.18229166666666666 0.3524305555555556
6 0.8234375 0.3133680555555556 0.35520833333333335 0.6197916666666666
6 0.8729166666666667 0.53125 0.04583333333333333 0.21875
6 0.9229166666666667 0.5564236111111112 0.035416666666666666 0.24131944444444445
6 0.978125 0.5564236111111112 0.04583333333333333 0.22743055555555555
6 0.35625 0.265625 0.22083333333333333 0.4513888888888889
8 0.7135416666666666 0.7977430555555556 0.56875 0.4079861111111111
8 0.2203125 0.8993055555555556 0.4322916666666667 0.2013888888888889
