0 0.34010416666666665 0.5998263888888888 0.14479166666666668 0.2309027777777778
0 0.6739583333333333 0.5711805555555556 0.11041666666666666 0.16666666666666666
2 0.43802083333333336 0.5442708333333334 0.030208333333333334 0.057291666666666664
3 0.5328125 0.5894097222222222 0.06145833333333333 0.24479166666666666
3 0.5713541666666667 0.5633680555555556 0.042708333333333334 0.2065972222222222
3 0.6052083333333333 0.5963541666666666 0.052083333333333336 0.2725694444444444
3 0.6614583333333334 0.6284722222222222 0.07083333333333333 0.23958333333333334
3 0.6739583333333333 0.5060763888888888 0.035416666666666666 0.10243055555555555
3 0.8213541666666667 0.6588541666666666 0.228125 0.6857638888888888
3 0.9088541666666666 0.5737847222222222 0.053125 0.14756944444444445
3 0.42604166666666665 0.5303819444444444 0.09375 0.06076388888888889
5 0.15104166666666666 0.6076388888888888 0.29791666666666666 0.2743055555555556
6 0.5010416666666667 0.24305555555555555 1.0 0.4791666666666667
6 0.9333333333333333 0.5520833333333334 0.13541666666666666 0.22569444444444445
8 0.5026041666666666 0.9114583333333334 0.996875 0.18055555555555555
8 0.965625 0.7560763888888888 0.06875 0.09895833333333333
8 0.5640625 0.6805555555555556 0.30520833333333336 0.2604166666666667
