0 0.33177083333333335 0.59375 0.15729166666666666 0.22916666666666666
0 0.6802083333333333 0.5737847222222222 0.14375 0.1579861111111111
3 0.54375 0.5503472222222222 0.025 0.1111111111111111
3 0.5098958333333333 0.5494791666666666 0.028125 0.11631944444444445
3 0.45260416666666664 0.5381944444444444 0.028125 0.08680555555555555
3 0.409375 0.5208333333333334 0.03125 0.041666666666666664
3 0.7911458333333333 0.6189236111111112 0.042708333333333334 0.1545138888888889
5 0.14114583333333333 0.5868055555555556 0.2677083333333333 0.2847222222222222
5 0.8473958333333333 0.6180555555555556 0.042708333333333334 0.09375
5 0.5776041666666667 0.5625 0.028125 0.0625
6 0.14322916666666666 0.265625 0.14895833333333333 0.5104166666666666
6 0.83125 0.2526041666666667 0.33958333333333335 0.4982638888888889
6 0.8713541666666667 0.5598958333333334 0.04895833333333333 0.19618055555555555
6 0.9223958333333333 0.5651041666666666 0.046875 0.1857638888888889
6 0.9802083333333333 0.5677083333333334 0.041666666666666664 0.19444444444444445
6 0.5473958333333333 0.3810763888888889 0.140625 0.3697916666666667
6 0.3494791666666667 0.2456597222222222 0.23854166666666668 0.4322916666666667
8 0.5041666666666667 0.9010416666666666 0.99375 0.2013888888888889
8 0.5177083333333333 0.6961805555555556 0.17916666666666667 0.2152777777777778
8 0.7984375 0.734375 0.3614583333333333 0.1388888888888889
