2 0.6364583333333333 0.6875 0.08333333333333333 0.2361111111111111
3 0.39010416666666664 0.5486111111111112 0.051041666666666666 0.11458333333333333
3 0.365625 0.5321180555555556 0.05416666666666667 0.057291666666666664
3 0.5578125 0.6050347222222222 0.059375 0.2204861111111111
3 0.6453125 0.625 0.09479166666666666 0.2708333333333333
3 0.8177083333333334 0.6657986111111112 0.08333333333333333 0.3524305555555556
3 0.959375 0.6944444444444444 0.08333333333333333 0.6145833333333334
4 0.15208333333333332 0.4105902777777778 0.3020833333333333 0.8142361111111112
4 0.8921875 0.375 0.21770833333333334 0.2916666666666667
5 0.23854166666666668 0.7881944444444444 0.21458333333333332 0.4270833333333333
5 0.7375 0.6336805555555556 0.10416666666666667 0.1875
5 0.8989583333333333 0.6944444444444444 0.11458333333333333 0.19444444444444445
5 0.4869791666666667 0.5685763888888888 0.11145833333333334 0.08854166666666667
6 0.646875 0.2664930555555556 0.7083333333333334 0.5295138888888888
8 0.4625 0.7725694444444444 0.28958333333333336 0.4583333333333333
8 0.775 0.8368055555555556 0.33541666666666664 0.3159722222222222
9 0.0703125 0.4366319444444444 0.057291666666666664 0.2482638888888889
