0 0.3385416666666667 0.5963541666666666 0.14791666666666667 0.21354166666666666
0 0.684375 0.578125 0.15 0.1527777777777778
3 0.46979166666666666 0.546875 0.08125 0.07291666666666667
3 0.7921875 0.6258680555555556 0.04895833333333333 0.1545138888888889
5 0.14895833333333333 0.6085069444444444 0.2916666666666667 0.2725694444444444
5 0.5489583333333333 0.5546875 0.08333333333333333 0.0642361111111111
5 0.7520833333333333 0.6076388888888888 0.025 0.059027777777777776
6 0.503125 0.2569444444444444 0.9958333333333333 0.5
6 0.9208333333333333 0.546875 0.15625 0.2013888888888889
8 0.503125 0.8975694444444444 0.9958333333333333 0.20833333333333334
8 0.5119791666666667 0.6875 0.19895833333333332 0.1909722222222222
8 0.809375 0.7326388888888888 0.38333333333333336 0.1284722222222222
