4 0.15729166666666666 0.4366319444444444 0.3104166666666667 0.8559027777777778
4 0.8932291666666666 0.3923611111111111 0.215625 0.2916666666666667
5 0.21927083333333333 0.7829861111111112 0.259375 0.4375
5 0.86875 0.6935763888888888 0.26458333333333334 0.1892361111111111
5 0.5635416666666667 0.5920138888888888 0.0875 0.08333333333333333
3 0.35625 0.5286458333333334 0.029166666666666667 0.08159722222222222
3 0.39166666666666666 0.5572916666666666 0.04791666666666667 0.13541666666666666
3 0.43385416666666665 0.5607638888888888 0.036458333333333336 0.14583333333333334
3 0.47760416666666666 0.5625 0.04895833333333333 0.13541666666666666
3 0.515625 0.5607638888888888 0.03958333333333333 0.12152777777777778
3 0.6359375 0.59375 0.07604166666666666 0.2847222222222222
3 0.7114583333333333 0.6189236111111112 0.06041666666666667 0.2378472222222222
8 0.45677083333333335 0.7751736111111112 0.30104166666666665 0.453125
8 0.8041666666666667 0.8359375 0.39375 0.3142361111111111
6 0.6625 0.2907986111111111 0.6770833333333334 0.5642361111111112
9 0.06666666666666667 0.4322916666666667 0.08125 0.2743055555555556
