0 0.33229166666666665 0.5998263888888888 0.14583333333333334 0.2204861111111111
0 0.6822916666666666 0.5720486111111112 0.16041666666666668 0.16493055555555555
3 0.4947916666666667 0.5434027777777778 0.022916666666666665 0.08680555555555555
3 0.4359375 0.5355902777777778 0.06979166666666667 0.06770833333333333
3 0.8651041666666667 0.6085069444444444 0.046875 0.2795138888888889
5 0.7791666666666667 0.6050347222222222 0.11041666666666666 0.05381944444444445
5 0.14947916666666666 0.6310763888888888 0.303125 0.234375
5 0.5614583333333333 0.5633680555555556 0.05 0.043402777777777776
6 0.5036458333333333 0.2621527777777778 0.9947916666666666 0.5034722222222222
6 0.9484375 0.5633680555555556 0.10520833333333333 0.1753472222222222
8 0.5036458333333333 0.8993055555555556 0.9947916666666666 0.2048611111111111
8 0.5119791666666667 0.6744791666666666 0.18229166666666666 0.21006944444444445
8 0.80625 0.7265625 0.38958333333333334 0.11979166666666667
