0 0.3385416666666667 0.5911458333333334 0.15208333333333332 0.2170138888888889
0 0.684375 0.5763888888888888 0.16041666666666668 0.1527777777777778
1 0.44895833333333335 0.5546875 0.014583333333333334 0.029513888888888888
2 0.5260416666666666 0.5807291666666666 0.03125 0.07118055555555555
3 0.5197916666666667 0.5173611111111112 0.04583333333333333 0.06597222222222222
3 0.4510416666666667 0.5182291666666666 0.03333333333333333 0.043402777777777776
3 0.4234375 0.5269097222222222 0.071875 0.050347222222222224
3 0.9072916666666667 0.6024305555555556 0.05 0.19791666666666666
5 0.1484375 0.6050347222222222 0.29270833333333335 0.2690972222222222
5 0.7963541666666667 0.609375 0.12395833333333334 0.06597222222222222
6 0.5010416666666667 0.2847222222222222 1.0 0.5590277777777778
6 0.9208333333333333 0.5529513888888888 0.16041666666666668 0.203125
8 0.5015625 0.8914930555555556 0.9989583333333333 0.2204861111111111
8 0.690625 0.7092013888888888 0.6145833333333334 0.11979166666666667
8 0.49947916666666664 0.5763888888888888 0.190625 0.12152777777777778
