0 0.3328125 0.5998263888888888 0.15729166666666666 0.24479166666666666
0 0.6822916666666666 0.5772569444444444 0.14791666666666667 0.16145833333333334
3 0.5791666666666667 0.5902777777777778 0.05625 0.19791666666666666
3 0.7890625 0.6267361111111112 0.051041666666666666 0.15625
3 0.44114583333333335 0.5121527777777778 0.03229166666666667 0.034722222222222224
4 0.065625 0.3454861111111111 0.12916666666666668 0.2743055555555556
5 0.15052083333333333 0.625 0.2989583333333333 0.24305555555555555
5 0.8395833333333333 0.6171875 0.04375 0.046875
5 0.484375 0.5295138888888888 0.1125 0.0763888888888889
6 0.12604166666666666 0.2543402777777778 0.18541666666666667 0.4982638888888889
6 0.921875 0.5572916666666666 0.03958333333333333 0.2534722222222222
6 0.8677083333333333 0.546875 0.0375 0.2152777777777778
6 0.9796875 0.5703125 0.042708333333333334 0.2517361111111111
6 0.8322916666666667 0.3194444444444444 0.3375 0.6215277777777778
6 0.578125 0.3229166666666667 0.22708333333333333 0.4166666666666667
6 0.3385416666666667 0.2673611111111111 0.20416666666666666 0.4652777777777778
8 0.7098958333333333 0.8472222222222222 0.546875 0.28125
8 0.5057291666666667 0.6362847222222222 0.16770833333333332 0.11979166666666667
