0 0.3572916666666667 0.6076388888888888 0.12083333333333333 0.20833333333333334
0 0.6786458333333333 0.5703125 0.146875 0.1684027777777778
3 0.25 0.6753472222222222 0.14583333333333334 0.6527777777777778
3 0.509375 0.6684027777777778 0.11875 0.6145833333333334
3 0.81875 0.6875 0.13333333333333333 0.6284722222222222
3 0.9479166666666666 0.6111111111111112 0.10625 0.6840277777777778
5 0.08125 0.5894097222222222 0.1625 0.3142361111111111
6 0.13177083333333334 0.2552083333333333 0.146875 0.4895833333333333
6 0.7776041666666667 0.1953125 0.25729166666666664 0.3663194444444444
6 0.43697916666666664 0.22916666666666666 0.44895833333333335 0.4375
8 0.5010416666666667 0.9010416666666666 1.0 0.2013888888888889
8 0.6526041666666667 0.6996527777777778 0.178125 0.1736111111111111
