4 0.153125 0.4244791666666667 0.30416666666666664 0.8315972222222222
4 0.8880208333333334 0.3732638888888889 0.22604166666666667 0.3263888888888889
5 0.23229166666666667 0.7855902777777778 0.25 0.4322916666666667
5 0.6562728124999999 0.6302083333333334 0.11630166666666668 0.13541666666666666
5 0.8645072916666667 0.7013888888888888 0.27291666666666664 0.22916666666666666
3 0.37604166666666666 0.5407986111111112 0.05 0.08854166666666667
3 0.425 0.5737847222222222 0.05416666666666667 0.1684027777777778
3 0.4546875 0.5425347222222222 0.036458333333333336 0.078125
3 0.47630395833333333 0.6027157118055555 0.07395833333333333 0.22626475694444442
3 0.558960625 0.65745390625 0.11145833333333334 0.3698296875
8 0.5130208333333334 0.7760416666666666 0.384375 0.4513888888888889
8 0.8541666666666666 0.8914930555555556 0.29375 0.2204861111111111
6 0.6541666666666667 0.2708333333333333 0.69375 0.5243055555555556
9 0.0671875 0.4409722222222222 0.057291666666666664 0.2638888888888889
