0 0.32760416666666664 0.6015625 0.15520833333333334 0.22743055555555555
0 0.6875 0.5772569444444444 0.14583333333333334 0.14756944444444445
3 0.465625 0.5434027777777778 0.07708333333333334 0.06944444444444445
3 0.8427083333333333 0.6119791666666666 0.06458333333333334 0.2517361111111111
5 0.13854166666666667 0.6154513888888888 0.27291666666666664 0.24131944444444445
5 0.7630208333333334 0.6076388888888888 0.065625 0.04513888888888889
5 0.5463541666666667 0.5685763888888888 0.084375 0.03298611111111111
6 0.5010416666666667 0.2517361111111111 1.0 0.4965277777777778
6 0.9265625 0.5564236111111112 0.14895833333333333 0.16145833333333334
8 0.5041666666666667 0.8923611111111112 0.99375 0.21875
8 0.5127984895833334 0.6675347222222222 0.19226364583333336 0.2065972222222222
8 0.8083333333333333 0.7248263888888888 0.3854166666666667 0.11979166666666667
