0 0.33645833333333336 0.5980902777777778 0.15208333333333332 0.2204861111111111
0 0.6822916666666666 0.578125 0.15625 0.1527777777777778
3 0.5682291666666667 0.5642361111111112 0.028125 0.10416666666666667
3 0.5296875 0.5564236111111112 0.03229166666666667 0.11979166666666667
3 0.45260416666666664 0.5425347222222222 0.065625 0.08506944444444445
5 0.14114583333333333 0.6006944444444444 0.278125 0.2604166666666667
5 0.7921875 0.6163194444444444 0.11145833333333334 0.059027777777777776
6 0.5026041666666666 0.2560763888888889 0.996875 0.4913194444444444
6 0.9197916666666667 0.5494791666666666 0.1625 0.19618055555555555
8 0.5041666666666667 0.8932291666666666 0.99375 0.2170138888888889
8 0.6901041666666666 0.7178819444444444 0.6010416666666667 0.10243055555555555
8 0.5072916666666667 0.6059027777777778 0.18125 0.09722222222222222
