4 0.15364583333333334 0.4557291666666667 0.30520833333333336 0.9045138888888888
4 0.9037560416666667 0.3472222222222222 0.19375 0.3055555555555556
5 0.22864583333333333 0.7760416666666666 0.24270833333333333 0.4513888888888889
5 0.8570066145833334 0.6817847222222223 0.22967614583333334 0.19464722222222222
5 0.659051875 0.6318494791666667 0.13645833333333332 0.109375
3 0.38667125 0.5335119791666667 0.07708333333333334 0.0642361111111111
3 0.5309686979166667 0.6143743055555555 0.11970802083333335 0.2934027777777778
3 0.4359375 0.5425347222222222 0.042708333333333334 0.0920138888888889
1 0.5302388020833334 0.7157213541666666 0.1532846875 0.24305555555555555
8 0.49947916666666664 0.7699652777777778 0.3572916666666667 0.4635416666666667
8 0.8447916666666667 0.8541666666666666 0.3125 0.2951388888888889
6 0.6520833333333333 0.2864583333333333 0.6916666666666667 0.5520833333333334
9 0.06875 0.4288194444444444 0.075 0.2673611111111111
