0 0.17135416666666667 0.4913194444444444 0.065625 0.14583333333333334
0 0.3796875 0.6449652777777778 0.4197916666666667 0.4947916666666667
0 0.48333333333333334 0.4322916666666667 0.06041666666666667 0.08333333333333333
4 0.24791666666666667 0.19791666666666666 0.49375 0.3715277777777778
4 0.8140625 0.4756944444444444 0.371875 0.9305555555555556
5 0.06822916666666666 0.5147569444444444 0.134375 0.2517361111111111
5 0.5817708333333333 0.4496527777777778 0.13020833333333334 0.16666666666666666
6 0.10572916666666667 0.3272569444444444 0.10520833333333333 0.1857638888888889
6 0.2921875 0.2621527777777778 0.18229166666666666 0.2326388888888889
6 0.5713541666666667 0.2864583333333333 0.12395833333333334 0.5555555555555556
7 0.18958333333333333 0.203125 0.15833333333333333 0.034722222222222224
8 0.08854166666666667 0.7760416666666666 0.175 0.4305555555555556
8 0.6432291666666666 0.7925347222222222 0.11354166666666667 0.3975694444444444
8 0.36614583333333334 0.9409722222222222 0.7302083333333333 0.1076388888888889
9 0.45260416666666664 0.12065972222222222 0.028125 0.03298611111111111
9 0.45364583333333336 0.22569444444444445 0.034375 0.034722222222222224
9 0.45677083333333335 0.3368055555555556 0.040625 0.04513888888888889
9 0.4192708333333333 0.2708333333333333 0.034375 0.12152777777777778
9 0.41875 0.08940972222222222 0.022916666666666665 0.0954861111111111
9 0.36614583333333334 0.1875 0.057291666666666664 0.1284722222222222
9 0.35989583333333336 0.3532986111111111 0.04895833333333333 0.05381944444444445
9 0.057291666666666664 0.15885416666666666 0.07916666666666666 0.08854166666666667
