0 0.33697916666666666 0.5963541666666666 0.14895833333333333 0.21354166666666666
0 0.6885416666666667 0.5789930555555556 0.15 0.15104166666666666
3 0.4432291666666667 0.5425347222222222 0.06354166666666666 0.0954861111111111
3 0.7921875 0.6223958333333334 0.042708333333333334 0.1440972222222222
5 0.14427083333333332 0.6215277777777778 0.2864583333333333 0.22569444444444445
5 0.057291666666666664 0.4635416666666667 0.09583333333333334 0.07291666666666667
5 0.5276041666666667 0.5555555555555556 0.09270833333333334 0.06944444444444445
5 0.7479166666666667 0.6154513888888888 0.03333333333333333 0.057291666666666664
5 0.8322916666666667 0.6111111111111112 0.04791666666666667 0.052083333333333336
6 0.5020833333333333 0.2534722222222222 0.9979166666666667 0.4861111111111111
6 0.928125 0.5442708333333334 0.14583333333333334 0.1996527777777778
6 0.71875 0.4713541666666667 0.09791666666666667 0.11631944444444445
8 0.5041666666666667 0.8993055555555556 0.99375 0.2048611111111111
8 0.5057291666666667 0.6822916666666666 0.18645833333333334 0.2048611111111111
8 0.803125 0.7335069444444444 0.3958333333333333 0.13368055555555555
