4 0.5026041666666666 0.3220486111111111 0.9947916666666666 0.6371527777777778
5 0.5885416666666666 0.78125 0.73125 0.21875
5 0.2994791666666667 0.6414930555555556 0.21979166666666666 0.3975694444444444
5 0.43333333333333335 0.484375 0.23958333333333334 0.5694444444444444
5 0.7234375 0.4835069444444444 0.3302083333333333 0.484375
1 0.1015625 0.8117586805555556 0.19895833333333332 0.3767361111111111
6 0.1 0.3706597222222222 0.175 0.7170138888888888
6 0.278125 0.3506944444444444 0.05 0.6770833333333334
6 0.49166666666666664 0.1345486111111111 0.15833333333333333 0.2482638888888889
6 0.7125 0.1423611111111111 0.22291666666666668 0.28125
9 0.47760416666666666 0.4027777777777778 0.7239583333333334 0.24305555555555555
