0 0.584375 0.5494791666666666 0.05416666666666667 0.07465277777777778
1 0.6270833333333333 0.7977430555555556 0.175 0.3940972222222222
3 0.475 0.5746527777777778 0.04375 0.19444444444444445
3 0.21770833333333334 0.6467013888888888 0.08958333333333333 0.3767361111111111
4 0.33489583333333334 0.4652777777777778 0.18854166666666666 0.2465277777777778
4 0.5484375 0.4366319444444444 0.140625 0.2170138888888889
4 0.7604166666666666 0.17447916666666666 0.11041666666666666 0.2065972222222222
5 0.3703125 0.5902777777777778 0.06354166666666666 0.05555555555555555
5 0.48020833333333335 0.4791666666666667 0.11666666666666667 0.1701388888888889
5 0.7723958333333333 0.6597222222222222 0.17395833333333333 0.2152777777777778
5 0.9052083333333333 0.8055555555555556 0.19166666666666668 0.3923611111111111
6 0.13489583333333333 0.2803819444444444 0.26979166666666665 0.5503472222222222
6 0.39739583333333334 0.1840277777777778 0.24479166666666666 0.3645833333333333
6 0.6151041666666667 0.1675347222222222 0.17395833333333333 0.3142361111111111
6 0.7057291666666666 0.4392361111111111 0.18854166666666666 0.2847222222222222
6 0.9015625 0.3029513888888889 0.19895833333333332 0.5885416666666666
7 0.5713541666666667 0.421875 0.071875 0.03819444444444445
8 0.40520833333333334 0.8758680555555556 0.8083333333333333 0.2517361111111111
8 0.528125 0.6579861111111112 0.32708333333333334 0.16319444444444445
9 0.34739583333333335 0.5017361111111112 0.06979166666666667 0.0763888888888889
