0 0.33177083333333335 0.5946180555555556 0.15104166666666666 0.22395833333333334
0 0.6828125 0.5711805555555556 0.153125 0.16319444444444445
3 0.44114583333333335 0.5407986111111112 0.03854166666666667 0.078125
3 0.48333333333333334 0.5529513888888888 0.041666666666666664 0.0920138888888889
3 0.7921875 0.6215277777777778 0.042708333333333334 0.1423611111111111
5 0.1453125 0.6171875 0.2864583333333333 0.2482638888888889
6 0.503125 0.2508680555555556 0.9958333333333333 0.4913194444444444
6 0.9161458333333333 0.5581597222222222 0.16979166666666667 0.21354166666666666
8 0.49947916666666664 0.9001736111111112 1.0 0.203125
8 0.5088541666666667 0.6866319444444444 0.203125 0.2065972222222222
8 0.8083333333333333 0.7326388888888888 0.3854166666666667 0.1284722222222222
