4 0.15520833333333334 0.4479166666666667 0.30833333333333335 0.8854166666666666
4 0.8914385416666666 0.3714074652777778 0.21875 0.3038194444444444
5 0.2265625 0.7795138888888888 0.2552083333333333 0.4444444444444444
5 0.8616902083333334 0.6924675347222222 0.2760416666666667 0.17708333333333334
5 0.6797140625 0.6002763020833334 0.08727187500000001 0.12408767361111112
5 0.48851125 0.5710601562500001 0.1082725 0.06573142361111112
3 0.38045541666666666 0.5308951388888888 0.084375 0.07291666666666667
3 0.6134504166666667 0.7300093750000001 0.22919708333333333 0.5052083333333334
1 0.38791817708333337 0.5561067708333334 0.04668489583333334 0.050347222222222224
8 0.4875 0.7874024305555555 0.33541666666666664 0.4253472222222222
8 0.8234375 0.8602430555555556 0.35520833333333335 0.2829861111111111
6 0.6604166666666667 0.2916666666666667 0.68125 0.5729166666666666
9 0.06510416666666667 0.4357638888888889 0.06770833333333333 0.2673611111111111
