0 0.6510416666666666 0.6475694444444444 0.2875 0.28125
0 0.33697916666666666 0.5894097222222222 0.15729166666666666 0.21354166666666666
3 0.45208333333333334 0.5859375 0.05416666666666667 0.171875
3 0.7869791666666667 0.5868055555555556 0.042708333333333334 0.09722222222222222
5 0.1453125 0.6163194444444444 0.2864583333333333 0.22569444444444445
6 0.5015625 0.25 0.9989583333333333 0.4826388888888889
6 0.9296875 0.5434027777777778 0.14270833333333333 0.1875
8 0.5015625 0.8949652777777778 0.9989583333333333 0.19270833333333334
8 0.459375 0.6996527777777778 0.0875 0.21180555555555555
8 0.9015625 0.7421875 0.19895833333333332 0.11631944444444445
