0 0.3333333333333333 0.5989583333333334 0.15 0.22916666666666666
0 0.6854166666666667 0.5859375 0.16666666666666666 0.1579861111111111
2 0.5130208333333334 0.5815972222222222 0.057291666666666664 0.08333333333333333
3 0.46197916666666666 0.5737847222222222 0.040625 0.14756944444444445
3 0.5119791666666667 0.5711805555555556 0.034375 0.1388888888888889
3 0.9052083333333333 0.6041666666666666 0.04791666666666667 0.19444444444444445
3 0.41302083333333334 0.53125 0.040625 0.059027777777777776
5 0.15052083333333333 0.5972222222222222 0.29270833333333335 0.2847222222222222
5 0.7932291666666667 0.6076388888888888 0.13020833333333334 0.05555555555555555
6 0.5005208333333333 0.3029513888888889 1.0 0.5954861111111112
8 0.5026041666666666 0.8888888888888888 0.996875 0.22569444444444445
8 0.6994791666666667 0.703125 0.5947916666666667 0.12152777777777778
8 0.5041666666666667 0.5972222222222222 0.17083333333333334 0.07291666666666667
