4 0.2911458333333333 0.4696180555555556 0.26979166666666665 0.2378472222222222
4 0.5411458333333333 0.4444444444444444 0.165625 0.2152777777777778
4 0.7447916666666666 0.16666666666666666 0.08541666666666667 0.22569444444444445
5 0.21172447916666665 0.5260669270833334 0.2023875 0.10218975694444445
5 0.7166666666666667 0.6102430555555556 0.19583333333333333 0.3628472222222222
5 0.8901041666666667 0.7751736111111112 0.221875 0.453125
5 0.3734375 0.5824652777777778 0.06979166666666667 0.078125
0 0.5953125 0.5477430555555556 0.06145833333333333 0.08854166666666667
3 0.451144375 0.5617903645833333 0.03889145833333333 0.1541717013888889
3 0.07184458333333334 0.652467361111111 0.14160583333333332 0.6956229166666668
3 0.34775703124999996 0.5917605034722223 0.0656934375 0.23844288194444443
3 0.4761899479166667 0.5512280381944444 0.03364510416666667 0.09411753472222223
1 0.6171875 0.7630208333333334 0.19270833333333334 0.4774305555555556
8 0.43088124999999994 0.8272569444444444 0.6757375 0.3489583333333333
8 0.54375 0.5980902777777778 0.23333333333333334 0.09895833333333333
7 0.5776041666666667 0.4131944444444444 0.078125 0.04513888888888889
6 0.5010416666666667 0.2847222222222222 1.0 0.5659722222222222
9 0.3494791666666667 0.4930555555555556 0.06979166666666667 0.09027777777777778
9 0.7333333333333333 0.2013888888888889 0.04583333333333333 0.11458333333333333
