0 0.33958333333333335 0.5980902777777778 0.15208333333333332 0.22743055555555555
0 0.6979166666666666 0.5625 0.08958333333333333 0.12152777777777778
2 0.44947916666666665 0.5477430555555556 0.036458333333333336 0.0642361111111111
3 0.4296875 0.5329861111111112 0.04479166666666667 0.0625
3 0.59375 0.7204861111111112 0.15208333333333332 0.5625
3 0.6322916666666667 0.5338541666666666 0.04791666666666667 0.140625
3 0.7359375 0.6519097222222222 0.07395833333333333 0.328125
3 0.771875 0.6041666666666666 0.05 0.21875
3 0.6885416666666667 0.6067708333333334 0.05 0.2586805555555556
3 0.9046875 0.6059027777777778 0.04895833333333333 0.19444444444444445
5 0.14635416666666667 0.6059027777777778 0.284375 0.2777777777777778
5 0.81875 0.6145833333333334 0.06666666666666667 0.04513888888888889
5 0.5005208333333333 0.5442708333333334 0.026041666666666668 0.026041666666666668
6 0.5015625 0.2560763888888889 0.9989583333333333 0.5052083333333334
6 0.9234375 0.5555555555555556 0.15520833333333334 0.23958333333333334
8 0.503125 0.9027777777777778 0.9958333333333333 0.19791666666666666
8 0.6609375 0.7413194444444444 0.671875 0.10069444444444445
8 0.4708333333333333 0.6085069444444444 0.12291666666666666 0.140625
