0 0.3302083333333333 0.6006944444444444 0.16458333333333333 0.24305555555555555
0 0.6802777604166667 0.5711033854166667 0.1540278125 0.15262343750000001
3 0.6036458333333333 0.5651041666666666 0.028125 0.07118055555555555
3 0.7911458333333333 0.6128472222222222 0.04895833333333333 0.16319444444444445
3 0.43854166666666666 0.53125 0.0625 0.09375
4 0.06041666666666667 0.3706597222222222 0.11041666666666666 0.2725694444444444
5 0.1515625 0.6345486111111112 0.29270833333333335 0.2170138888888889
5 0.5416666666666666 0.5572916666666666 0.1 0.0625
5 0.8520833333333333 0.6267361111111112 0.0625 0.06597222222222222
6 0.13958333333333334 0.25 0.16875 0.4791666666666667
6 0.7989583333333333 0.24479166666666666 0.3854166666666667 0.4826388888888889
6 0.7171875 0.4618055555555556 0.103125 0.1111111111111111
6 0.8723958333333334 0.5425347222222222 0.04895833333333333 0.1996527777777778
6 0.9239583333333333 0.5538194444444444 0.04583333333333333 0.2465277777777778
6 0.9791666666666666 0.5633680555555556 0.04375 0.22743055555555555
6 0.5598958333333334 0.3819444444444444 0.15520833333333334 0.3784722222222222
6 0.3776041666666667 0.265625 0.27395833333333336 0.4131944444444444
8 0.503125 0.9010416666666666 0.9958333333333333 0.2013888888888889
8 0.5010416666666667 0.7604166666666666 0.20416666666666666 0.4826388888888889
8 0.8057291666666667 0.8237847222222222 0.390625 0.3246527777777778
