0 0.3359375 0.5989583333333334 0.14479166666666668 0.22916666666666666
0 0.6817708333333333 0.5772569444444444 0.14895833333333333 0.1545138888888889
3 0.5447916666666667 0.5772569444444444 0.03333333333333333 0.16145833333333334
3 0.5848958333333333 0.5824652777777778 0.034375 0.1579861111111111
3 0.5104166666666666 0.5477430555555556 0.014583333333333334 0.08159722222222222
3 0.4828125 0.5503472222222222 0.026041666666666668 0.08333333333333333
3 0.43645833333333334 0.5477430555555556 0.04791666666666667 0.08159722222222222
3 0.9661458333333334 0.5798611111111112 0.04895833333333333 0.15625
5 0.14739583333333334 0.6024305555555556 0.284375 0.2708333333333333
5 0.79375 0.609375 0.11875 0.05555555555555555
6 0.5015625 0.2560763888888889 0.9989583333333333 0.5017361111111112
6 0.9296875 0.5338541666666666 0.14270833333333333 0.2309027777777778
8 0.43385416666666665 0.8967013888888888 0.859375 0.21006944444444445
8 0.5885416666666666 0.734375 0.5625 0.11458333333333333
8 0.4979166666666667 0.5954861111111112 0.16458333333333333 0.1388888888888889
