0 0.3380208333333333 0.6059027777777778 0.165625 0.2326388888888889
0 0.6817708333333333 0.5772569444444444 0.153125 0.16145833333333334
3 0.5140625 0.5477430555555556 0.06145833333333333 0.08854166666666667
3 0.4395833333333333 0.5303819444444444 0.05416666666666667 0.05381944444444445
3 0.9010416666666666 0.6215277777777778 0.07291666666666667 0.28125
5 0.140625 0.6206597222222222 0.2708333333333333 0.2552083333333333
5 0.7932291666666667 0.6145833333333334 0.109375 0.059027777777777776
5 0.5567708333333333 0.5538194444444444 0.06770833333333333 0.052083333333333336
6 0.5015625 0.2552083333333333 0.9989583333333333 0.4895833333333333
6 0.8625 0.5407986111111112 0.041666666666666664 0.16145833333333334
6 0.9604166666666667 0.5416666666666666 0.08125 0.20833333333333334
8 0.503125 0.8888888888888888 0.9958333333333333 0.22569444444444445
8 0.5109375 0.6684027777777778 0.18229166666666666 0.1909722222222222
8 0.803125 0.71875 0.38333333333333336 0.09375
