0 0.3328125 0.5989583333333334 0.14270833333333333 0.22916666666666666
0 0.5494791666666666 0.5920138888888888 0.16145833333333334 0.1597222222222222
0 0.6848958333333334 0.5755208333333334 0.13229166666666667 0.14756944444444445
3 0.4427083333333333 0.5876736111111112 0.05 0.1684027777777778
3 0.7953125 0.6206597222222222 0.046875 0.14756944444444445
5 0.14479166666666668 0.6276041666666666 0.2875 0.203125
6 0.11145833333333334 0.2708333333333333 0.22291666666666668 0.53125
6 0.6166666666666667 0.2552083333333333 0.76875 0.4930555555555556
6 0.9276041666666667 0.5199652777777778 0.146875 0.13020833333333334
8 0.503125 0.8958333333333334 0.9958333333333333 0.21180555555555555
8 0.6895833333333333 0.7265625 0.5854166666666667 0.13368055555555555
