0 0.33645833333333336 0.5946180555555556 0.14375 0.22743055555555555
0 0.684375 0.5737847222222222 0.15625 0.1440972222222222
3 0.45677083333333335 0.5399305555555556 0.08645833333333333 0.0798611111111111
3 0.7895833333333333 0.6302083333333334 0.041666666666666664 0.1597222222222222
5 0.14375 0.625 0.28125 0.2604166666666667
5 0.7494791666666667 0.6067708333333334 0.046875 0.05381944444444445
5 0.5458333333333333 0.5590277777777778 0.08541666666666667 0.05555555555555555
6 0.5020833333333333 0.2595486111111111 0.9979166666666667 0.5086805555555556
6 0.9192708333333334 0.5494791666666666 0.16354166666666667 0.21006944444444445
8 0.5010416666666667 0.8958333333333334 1.0 0.21180555555555555
8 0.5114583333333333 0.6779513888888888 0.20833333333333334 0.1996527777777778
8 0.8119791666666667 0.7274305555555556 0.378125 0.13194444444444445
