2 0.3921875 0.5815972222222222 0.03854166666666667 0.1076388888888889
4 0.15572916666666667 0.4296875 0.309375 0.8489583333333334
4 0.8921875 0.3680555555555556 0.21770833333333334 0.3368055555555556
5 0.2296875 0.7769097222222222 0.240625 0.4496527777777778
5 0.8677083333333333 0.7057291666666666 0.26666666666666666 0.1996527777777778
5 0.5411458333333333 0.5876736111111112 0.06770833333333333 0.09895833333333333
5 0.4557291666666667 0.5668402777777778 0.059375 0.06770833333333333
3 0.38697916666666665 0.5321180555555556 0.08020833333333334 0.08854166666666667
3 0.6192708333333333 0.6336805555555556 0.11145833333333334 0.3402777777777778
3 0.7088541666666667 0.6197916666666666 0.06145833333333333 0.2708333333333333
8 0.45364583333333336 0.7612847222222222 0.2635416666666667 0.4809027777777778
8 0.7958333333333333 0.8480902777777778 0.41041666666666665 0.3072916666666667
6 0.6552083333333333 0.2986111111111111 0.6916666666666667 0.5868055555555556
9 0.07239583333333334 0.4340277777777778 0.06979166666666667 0.2604166666666667
