0 0.3307291666666667 0.5972222222222222 0.165625 0.20833333333333334
0 0.6802083333333333 0.5737847222222222 0.14166666666666666 0.1545138888888889
3 0.5536458333333333 0.5529513888888888 0.042708333333333334 0.11979166666666667
3 0.5125 0.5529513888888888 0.041666666666666664 0.13020833333333334
3 0.43697916666666664 0.5217013888888888 0.05520833333333333 0.05381944444444445
5 0.14322916666666666 0.6197916666666666 0.28854166666666664 0.2361111111111111
5 0.7864583333333334 0.6145833333333334 0.12083333333333333 0.04861111111111111
6 0.503125 0.2552083333333333 0.9958333333333333 0.5069444444444444
6 0.9203125 0.5590277777777778 0.16145833333333334 0.1875
8 0.5010416666666667 0.8993055555555556 1.0 0.2048611111111111
8 0.5067708333333333 0.6822916666666666 0.196875 0.2048611111111111
8 0.80625 0.7326388888888888 0.38958333333333334 0.13541666666666666
