0 0.33958333333333335 0.5963541666666666 0.14375 0.2204861111111111
0 0.6859375 0.5850694444444444 0.15520833333333334 0.16319444444444445
3 0.4588541666666667 0.5520833333333334 0.04479166666666667 0.1111111111111111
3 0.8369791666666667 0.7013888888888888 0.13020833333333334 0.5520833333333334
5 0.1546875 0.6006944444444444 0.30104166666666665 0.2604166666666667
6 0.13697916666666668 0.23524305555555555 0.26979166666666665 0.453125
6 0.6411458333333333 0.2526041666666667 0.7197916666666667 0.484375
6 0.9177083333333333 0.5572916666666666 0.04583333333333333 0.1840277777777778
6 0.9765625 0.5616319444444444 0.04895833333333333 0.1996527777777778
8 0.503125 0.9027777777777778 0.9958333333333333 0.19791666666666666
8 0.5703125 0.7178819444444444 0.38645833333333335 0.13020833333333334
8 0.496875 0.5954861111111112 0.16458333333333333 0.06944444444444445
