0 0.33229166666666665 0.6006944444444444 0.15416666666666667 0.22569444444444445
0 0.6796875 0.5685763888888888 0.14479166666666668 0.13020833333333334
3 0.471875 0.5460069444444444 0.10208333333333333 0.0920138888888889
3 0.7973958333333333 0.6258680555555556 0.051041666666666666 0.16145833333333334
5 0.5546875 0.5607638888888888 0.06770833333333333 0.059027777777777776
5 0.75 0.6050347222222222 0.041666666666666664 0.050347222222222224
5 0.15364583333333334 0.6258680555555556 0.29270833333333335 0.2065972222222222
6 0.5041666666666667 0.2569444444444444 0.99375 0.5
6 0.9244791666666666 0.5381944444444444 0.153125 0.19791666666666666
8 0.5041666666666667 0.8802083333333334 0.99375 0.24305555555555555
8 0.5177083333333333 0.6736111111111112 0.20208333333333334 0.14930555555555555
8 0.8161458333333333 0.7013888888888888 0.3697916666666667 0.1076388888888889
