0 0.33697916666666666 0.5946180555555556 0.153125 0.22395833333333334
0 0.6875 0.5755208333333334 0.15208333333333332 0.1579861111111111
3 0.44427083333333334 0.5442708333333334 0.04479166666666667 0.08159722222222222
3 0.7875 0.6189236111111112 0.05416666666666667 0.15104166666666666
5 0.14739583333333334 0.6258680555555556 0.28854166666666664 0.2065972222222222
5 0.06145833333333333 0.484375 0.1125 0.09375
6 0.5015625 0.2482638888888889 0.9989583333333333 0.4895833333333333
6 0.9276041666666667 0.5295138888888888 0.146875 0.19444444444444445
8 0.5052083333333334 0.8836805555555556 0.9916666666666667 0.2361111111111111
8 0.5057291666666667 0.65625 0.184375 0.2013888888888889
8 0.8036458333333333 0.71875 0.39479166666666665 0.09375
