0 0.3380208333333333 0.59375 0.14895833333333333 0.2361111111111111
0 0.6859375 0.578125 0.140625 0.1423611111111111
3 0.4432291666666667 0.5512152777777778 0.04895833333333333 0.09895833333333333
3 0.4921875 0.5581597222222222 0.030208333333333334 0.10243055555555555
3 0.5322916666666667 0.5633680555555556 0.0375 0.1232638888888889
3 0.5697916666666667 0.5677083333333334 0.03333333333333333 0.1701388888888889
3 0.6015625 0.5711805555555556 0.028125 0.1736111111111111
3 0.9703125 0.6276041666666666 0.06145833333333333 0.2482638888888889
5 0.1484375 0.6197916666666666 0.29270833333333335 0.2569444444444444
5 0.7984375 0.6041666666666666 0.12395833333333334 0.0625
6 0.5015625 0.2526041666666667 0.9989583333333333 0.4947916666666667
6 0.8807291666666667 0.5512152777777778 0.240625 0.19270833333333334
8 0.5010416666666667 0.8940972222222222 1.0 0.2152777777777778
8 0.6807291666666667 0.7118055555555556 0.6114583333333333 0.1284722222222222
8 0.5010416666666667 0.5928819444444444 0.1875 0.08159722222222222
