0 0.33541666666666664 0.5989583333333334 0.15416666666666667 0.22916666666666666
0 0.6854166666666667 0.5807291666666666 0.16041666666666668 0.1684027777777778
3 0.5354166666666667 0.5711805555555556 0.0375 0.1527777777777778
3 0.5723958333333333 0.5789930555555556 0.030208333333333334 0.15104166666666666
3 0.9130208333333333 0.6310763888888888 0.065625 0.2864583333333333
3 0.4578125 0.5451388888888888 0.08229166666666667 0.08680555555555555
5 0.1453125 0.6102430555555556 0.2864583333333333 0.2795138888888889
5 0.7932291666666667 0.6111111111111112 0.109375 0.059027777777777776
6 0.5010416666666667 0.2560763888888889 1.0 0.4947916666666667
6 0.865625 0.5546875 0.04791666666666667 0.1892361111111111
6 0.975 0.5607638888888888 0.052083333333333336 0.21180555555555555
8 0.5026041666666666 0.8975694444444444 0.996875 0.20833333333333334
8 0.6828125 0.7213541666666666 0.6239583333333333 0.11979166666666667
8 0.48020833333333335 0.6050347222222222 0.12291666666666666 0.08854166666666667
