0 0.6848958333333334 0.5772569444444444 0.15729166666666666 0.14756944444444445
1 0.2640625 0.8159722222222222 0.459375 0.3715277777777778
3 0.3296875 0.6953125 0.15104166666666666 0.5399305555555556
3 0.44895833333333335 0.5512152777777778 0.058333333333333334 0.109375
3 0.7911458333333333 0.625 0.03854166666666667 0.1527777777777778
5 0.09791666666666667 0.5451388888888888 0.175 0.1875
5 0.5364583333333334 0.5538194444444444 0.1 0.059027777777777776
5 0.7489583333333333 0.6102430555555556 0.03125 0.06770833333333333
6 0.5020833333333333 0.2526041666666667 0.9979166666666667 0.4809027777777778
6 0.9244791666666666 0.546875 0.153125 0.19791666666666666
6 0.540625 0.5060763888888888 0.11458333333333333 0.13368055555555555
8 0.7515625 0.8272569444444444 0.49895833333333334 0.3489583333333333
8 0.5223958333333333 0.6059027777777778 0.14895833333333333 0.06944444444444445
