0 0.3302083333333333 0.5928819444444444 0.1625 0.21354166666666666
0 0.6854166666666667 0.5807291666666666 0.14583333333333334 0.1579861111111111
0 0.4432291666666667 0.5373263888888888 0.051041666666666666 0.07118055555555555
3 0.4875 0.5425347222222222 0.01875 0.06076388888888889
3 0.5427083333333333 0.6388888888888888 0.058333333333333334 0.34375
3 0.7890625 0.6189236111111112 0.051041666666666666 0.16493055555555555
5 0.14322916666666666 0.6223958333333334 0.2760416666666667 0.22743055555555555
6 0.5005208333333333 0.2526041666666667 1.0 0.4947916666666667
6 0.9270833333333334 0.5434027777777778 0.14791666666666667 0.20833333333333334
8 0.5026041666666666 0.9045138888888888 0.996875 0.19444444444444445
8 0.51875 0.6979166666666666 0.17916666666666667 0.22569444444444445
8 0.8098958333333334 0.7387152777777778 0.38229166666666664 0.13368055555555555
