0 0.3302083333333333 0.5954861111111112 0.16041666666666668 0.20833333333333334
0 0.4421875 0.5390625 0.04479166666666667 0.050347222222222224
0 0.6869791666666667 0.5720486111111112 0.15104166666666666 0.1545138888888889
3 0.49270833333333336 0.6067708333333334 0.0625 0.2690972222222222
3 0.5796875 0.6006944444444444 0.06145833333333333 0.2361111111111111
3 0.7921875 0.6232638888888888 0.046875 0.16319444444444445
5 0.14427083333333332 0.6180555555555556 0.28020833333333334 0.24305555555555555
6 0.5010416666666667 0.2543402777777778 1.0 0.4913194444444444
6 0.9255208333333333 0.5512152777777778 0.15104166666666666 0.19618055555555555
8 0.503125 0.8975694444444444 0.9958333333333333 0.20833333333333334
8 0.5208333333333334 0.6875 0.19791666666666666 0.19791666666666666
8 0.8151041666666666 0.7335069444444444 0.371875 0.1440972222222222
