0 0.3380208333333333 0.6015625 0.15520833333333334 0.24479166666666666
0 0.6822916666666666 0.5824652777777778 0.15 0.16493055555555555
3 0.46145833333333336 0.5442708333333334 0.05625 0.09895833333333333
3 0.5505208333333333 0.5538194444444444 0.071875 0.10416666666666667
5 0.14479166666666668 0.6128472222222222 0.2875 0.2743055555555556
5 0.7901041666666667 0.6050347222222222 0.115625 0.06076388888888889
6 0.5010416666666667 0.25 1.0 0.4826388888888889
6 0.9244791666666666 0.546875 0.153125 0.2013888888888889
8 0.5026041666666666 0.9027777777777778 0.996875 0.19791666666666666
8 0.6880208333333333 0.734375 0.6239583333333333 0.11458333333333333
8 0.5083333333333333 0.6154513888888888 0.18541666666666667 0.10243055555555555
