0 0.32916666666666666 0.59375 0.16666666666666666 0.2465277777777778
0 0.6854166666666667 0.5772569444444444 0.14583333333333334 0.16493055555555555
0 0.4270833333333333 0.5364583333333334 0.035416666666666666 0.04513888888888889
3 0.603125 0.5677083333333334 0.029166666666666667 0.06944444444444445
3 0.7921875 0.6206597222222222 0.04895833333333333 0.14756944444444445
4 0.059895833333333336 0.3385416666666667 0.109375 0.28125
5 0.15104166666666666 0.6284722222222222 0.29791666666666666 0.1909722222222222
5 0.5390625 0.5512152777777778 0.11145833333333334 0.06076388888888889
5 0.8494791666666667 0.6232638888888888 0.065625 0.0763888888888889
6 0.14895833333333333 0.2621527777777778 0.18541666666666667 0.5138888888888888
6 0.5911458333333334 0.3350694444444444 0.20104166666666667 0.3194444444444444
6 0.8005208333333333 0.2534722222222222 0.4010416666666667 0.4965277777777778
6 0.39791666666666664 0.2361111111111111 0.29791666666666666 0.4513888888888889
6 0.865625 0.5590277777777778 0.05625 0.21180555555555555
6 0.9213541666666667 0.5642361111111112 0.03854166666666667 0.2048611111111111
6 0.9760416666666667 0.5598958333333334 0.05 0.21006944444444445
8 0.5135416666666667 0.7751736111111112 0.1875 0.453125
8 0.8088541666666667 0.8368055555555556 0.384375 0.3298611111111111
8 0.5036458333333333 0.9105902777777778 0.9947916666666666 0.18229166666666666
