0 0.32916666666666666 0.59375 0.1625 0.23958333333333334
0 0.6854166666666667 0.5737847222222222 0.15 0.1579861111111111
0 0.4390625 0.5329861111111112 0.03854166666666667 0.041666666666666664
3 0.6005208333333333 0.5633680555555556 0.023958333333333335 0.06770833333333333
3 0.7921875 0.6180555555555556 0.051041666666666666 0.1423611111111111
4 0.058854166666666666 0.3246527777777778 0.11354166666666667 0.2152777777777778
5 0.1515625 0.6397569444444444 0.29270833333333335 0.2309027777777778
5 0.8552083333333333 0.6189236111111112 0.05625 0.08159722222222222
5 0.5286458333333334 0.5425347222222222 0.10520833333333333 0.06770833333333333
6 0.14791666666666667 0.24479166666666666 0.17916666666666667 0.4791666666666667
6 0.5817708333333333 0.3125 0.209375 0.3333333333333333
6 0.8166666666666667 0.2569444444444444 0.35 0.4930555555555556
6 0.8635416666666667 0.5546875 0.04583333333333333 0.1857638888888889
6 0.9182291666666667 0.5598958333333334 0.040625 0.1857638888888889
6 0.9770833333333333 0.5711805555555556 0.04791666666666667 0.20833333333333334
6 0.3567708333333333 0.2907986111111111 0.21145833333333333 0.3732638888888889
8 0.5005208333333333 0.9105902777777778 1.0 0.18229166666666666
8 0.5182291666666666 0.7873263888888888 0.196875 0.4288194444444444
8 0.8125 0.8333333333333334 0.375 0.3368055555555556
