4 0.29635416666666664 0.4331597222222222 0.2989583333333333 0.234375
4 0.5541666666666667 0.3619791666666667 0.21041666666666667 0.2170138888888889
4 0.7505208333333333 0.16493055555555555 0.103125 0.1909722222222222
5 0.1671875 0.5182291666666666 0.24479166666666666 0.0920138888888889
5 0.8453125 0.7664930555555556 0.31145833333333334 0.4704861111111111
0 0.596875 0.5425347222222222 0.06458333333333334 0.078125
3 0.5745969791666667 0.5876736111111112 0.058333333333333334 0.19270833333333334
3 0.27876364583333335 0.654646875 0.12916666666666668 0.4600694444444444
3 0.40012927083333333 0.6891980902777778 0.11666666666666667 0.40625
3 0.4453505208333333 0.5477430555555556 0.057367708333333337 0.1996527777777778
3 0.48489583333333336 0.5503472222222222 0.051041666666666666 0.1423611111111111
1 0.6161458333333333 0.7821180555555556 0.18854166666666666 0.4392361111111111
8 0.415625 0.7855902777777778 0.8229166666666666 0.4322916666666667
7 0.5890625 0.4175347222222222 0.10520833333333333 0.046875
6 0.503125 0.2855902777777778 0.9958333333333333 0.5642361111111112
9 0.3463541666666667 0.4973958333333333 0.065625 0.0920138888888889
9 0.734375 0.1987847222222222 0.04375 0.0954861111111111
