0 0.3328125 0.5954861111111112 0.15729166666666666 0.21875
0 0.6817708333333333 0.5807291666666666 0.15520833333333334 0.16145833333333334
0 0.45260416666666664 0.5460069444444444 0.03854166666666667 0.078125
3 0.4822916666666667 0.5590277777777778 0.035416666666666666 0.1527777777777778
3 0.790625 0.6145833333333334 0.04791666666666667 0.15625
3 0.9536458333333333 0.7222222222222222 0.09479166666666666 0.5590277777777778
3 0.033854166666666664 0.6536458333333334 0.065625 0.5885416666666666
5 0.1765625 0.6085069444444444 0.203125 0.24479166666666666
5 0.5447916666666667 0.5581597222222222 0.06875 0.050347222222222224
6 0.12708333333333333 0.24739583333333334 0.24583333333333332 0.4774305555555556
6 0.6307291666666667 0.24479166666666666 0.740625 0.46875
6 0.8848958333333333 0.5555555555555556 0.06979166666666667 0.11805555555555555
8 0.5390625 0.9010416666666666 0.9239583333333333 0.2013888888888889
8 0.5130208333333334 0.6953125 0.18229166666666666 0.1996527777777778
8 0.7630208333333334 0.7395833333333334 0.30520833333333336 0.1284722222222222
