0 0.12395833333333334 0.46875 0.07916666666666666 0.1111111111111111
0 0.32708333333333334 0.5607638888888888 0.3854166666666667 0.3298611111111111
0 0.48333333333333334 0.4444444444444444 0.05416666666666667 0.06944444444444445
3 0.22447916666666667 0.453125 0.03229166666666667 0.06597222222222222
4 0.25 0.2065972222222222 0.49166666666666664 0.3819444444444444
4 0.81875 0.4696180555555556 0.3645833333333333 0.9149305555555556
5 0.07239583333333334 0.5286458333333334 0.13645833333333332 0.3072916666666667
5 0.5932291666666667 0.4496527777777778 0.146875 0.16319444444444445
6 0.28229166666666666 0.2552083333333333 0.16875 0.21180555555555555
6 0.1140625 0.3168402777777778 0.13020833333333334 0.1440972222222222
6 0.5614583333333333 0.2673611111111111 0.09791666666666667 0.5173611111111112
7 0.19375 0.2065972222222222 0.1625 0.041666666666666664
8 0.35104166666666664 0.8420138888888888 0.68125 0.2986111111111111
8 0.5333333333333333 0.5685763888888888 0.15833333333333333 0.203125
9 0.05572916666666667 0.15104166666666666 0.07395833333333333 0.09722222222222222
9 0.45416666666666666 0.11805555555555555 0.029166666666666667 0.027777777777777776
9 0.45208333333333334 0.2248263888888889 0.03333333333333333 0.03993055555555555
9 0.46041666666666664 0.3324652777777778 0.04375 0.03298611111111111
9 0.41822916666666665 0.2534722222222222 0.028125 0.09722222222222222
9 0.4203125 0.09288194444444445 0.023958333333333335 0.0920138888888889
9 0.36770833333333336 0.1831597222222222 0.052083333333333336 0.13368055555555555
9 0.41875 0.3871527777777778 0.022916666666666665 0.052083333333333336
