0 0.3328125 0.6006944444444444 0.16354166666666667 0.22569444444444445
0 0.6817708333333333 0.5772569444444444 0.153125 0.1545138888888889
3 0.45 0.5451388888888888 0.08541666666666667 0.07291666666666667
3 0.55 0.5616319444444444 0.06458333333333334 0.109375
5 0.14427083333333332 0.6015625 0.2864583333333333 0.2934027777777778
5 0.7890625 0.6085069444444444 0.11979166666666667 0.057291666666666664
6 0.5015625 0.2560763888888889 0.9989583333333333 0.5017361111111112
6 0.9197916666666667 0.5338541666666666 0.1625 0.21354166666666666
8 0.5005208333333333 0.8845486111111112 1.0 0.234375
8 0.68125 0.7178819444444444 0.6125 0.08506944444444445
8 0.5046875 0.6111111111111112 0.18645833333333334 0.1111111111111111
