4 0.15520833333333334 0.4427083333333333 0.30833333333333335 0.8784722222222222
4 0.8901041666666667 0.3836805555555556 0.221875 0.3194444444444444
5 0.22916666666666666 0.7795138888888888 0.25416666666666665 0.4444444444444444
5 0.8703125 0.6796875 0.26145833333333335 0.21354166666666666
5 0.5927272916666666 0.6180555555555556 0.146875 0.14583333333333334
3 0.3734375 0.5512152777777778 0.06354166666666666 0.0954861111111111
3 0.4395833333333333 0.5529513888888888 0.03125 0.0920138888888889
3 0.45230760416666665 0.604679861111111 0.08020833333333334 0.2899305555555556
3 0.712823125 0.6912890625 0.153125 0.4375
8 0.46770833333333334 0.7795138888888888 0.29583333333333334 0.4444444444444444
8 0.8020833333333334 0.8472222222222222 0.38958333333333334 0.2916666666666667
6 0.6546875 0.2769097222222222 0.690625 0.5434027777777778
9 0.06510416666666667 0.4296875 0.07604166666666666 0.265625
