0 0.33229166666666665 0.5954861111111112 0.16458333333333333 0.22569444444444445
0 0.8276041666666667 0.7369791666666666 0.346875 0.5295138888888888
0 0.70625 0.5451388888888888 0.1 0.09027777777777778
1 0.6395833333333333 0.6362847222222222 0.08958333333333333 0.13020833333333334
3 0.46145833333333336 0.5590277777777778 0.05625 0.1284722222222222
3 0.6359375 0.5425347222222222 0.06354166666666666 0.0954861111111111
5 0.14114583333333333 0.6085069444444444 0.28229166666666666 0.2170138888888889
5 0.5494791666666666 0.5659722222222222 0.07395833333333333 0.034722222222222224
6 0.5010416666666667 0.2439236111111111 1.0 0.4670138888888889
6 0.5432291666666667 0.4965277777777778 0.10729166666666666 0.1527777777777778
8 0.3265625 0.8958333333333334 0.6489583333333333 0.21180555555555555
8 0.5119791666666667 0.6796875 0.184375 0.2170138888888889
