0 0.33645833333333336 0.5989583333333334 0.14583333333333334 0.21875
0 0.6864583333333333 0.578125 0.16041666666666668 0.14930555555555555
3 0.44375 0.546875 0.08541666666666667 0.059027777777777776
3 0.7901041666666667 0.6163194444444444 0.04479166666666667 0.15625
5 0.15 0.6232638888888888 0.28958333333333336 0.2569444444444444
5 0.5442708333333334 0.5546875 0.09895833333333333 0.06076388888888889
5 0.7536458333333333 0.6076388888888888 0.030208333333333334 0.04861111111111111
5 0.8328125 0.6180555555555556 0.028125 0.052083333333333336
6 0.5020833333333333 0.2534722222222222 0.9979166666666667 0.4965277777777778
6 0.9213541666666667 0.5347222222222222 0.159375 0.1736111111111111
8 0.5015625 0.8923611111111112 0.9989583333333333 0.21875
8 0.509375 0.6762152777777778 0.20208333333333334 0.1857638888888889
8 0.809375 0.7248263888888888 0.38333333333333336 0.11631944444444445
