2 0.3723958333333333 0.5833333333333334 0.042708333333333334 0.0798611111111111
4 0.15572916666666667 0.4227430555555556 0.309375 0.8385416666666666
4 0.8885416666666667 0.3923611111111111 0.225 0.3055555555555556
5 0.22864583333333333 0.7873263888888888 0.228125 0.4288194444444444
5 0.871875 0.7039930555555556 0.25833333333333336 0.21354166666666666
5 0.5765625 0.6215277777777778 0.046875 0.07291666666666667
5 0.45416666666666666 0.5659722222222222 0.05625 0.06944444444444445
3 0.4192708333333333 0.5460069444444444 0.030208333333333334 0.08506944444444445
3 0.37447916666666664 0.5277777777777778 0.051041666666666666 0.09027777777777778
3 0.5213541666666667 0.6050347222222222 0.08854166666666667 0.2760416666666667
3 0.6354166666666666 0.6180555555555556 0.08541666666666667 0.3090277777777778
3 0.7125 0.6293402777777778 0.06041666666666667 0.265625
8 0.47604166666666664 0.7751736111111112 0.29583333333333334 0.4461805555555556
8 0.8161458333333333 0.8446180555555556 0.3697916666666667 0.3142361111111111
6 0.6614583333333334 0.2821180555555556 0.6791666666666667 0.546875
9 0.06927083333333334 0.4453125 0.071875 0.2864583333333333
