0 0.3359375 0.5859375 0.16145833333333334 0.22743055555555555
0 0.6838541666666667 0.5694444444444444 0.140625 0.14930555555555555
0 0.465625 0.5425347222222222 0.06458333333333334 0.07118055555555555
3 0.6 0.5633680555555556 0.020833333333333332 0.0642361111111111
3 0.7869791666666667 0.6154513888888888 0.040625 0.1545138888888889
4 0.057291666666666664 0.4045138888888889 0.11458333333333333 0.3194444444444444
5 0.14635416666666667 0.6414930555555556 0.290625 0.1857638888888889
5 0.5552083333333333 0.5598958333333334 0.0875 0.057291666666666664
5 0.8416666666666667 0.6154513888888888 0.05625 0.050347222222222224
6 0.14479166666666668 0.2578125 0.16666666666666666 0.4982638888888889
6 0.5765625 0.3559027777777778 0.184375 0.24305555555555555
6 0.8286458333333333 0.2647569444444444 0.34479166666666666 0.4878472222222222
6 0.8640625 0.5477430555555556 0.040625 0.15104166666666666
6 0.9171875 0.5616319444444444 0.04479166666666667 0.1579861111111111
6 0.9760416666666667 0.5703125 0.05 0.1684027777777778
6 0.35520833333333335 0.28125 0.23333333333333334 0.3333333333333333
8 0.5041666666666667 0.9036458333333334 0.99375 0.19618055555555555
8 0.5322916666666667 0.7934027777777778 0.18958333333333333 0.3993055555555556
8 0.8197916666666667 0.8342013888888888 0.3625 0.3350694444444444
