0 0.3380208333333333 0.5963541666666666 0.146875 0.2204861111111111
0 0.684375 0.5755208333333334 0.15 0.15104166666666666
3 0.465625 0.5460069444444444 0.09166666666666666 0.078125
3 0.7895833333333333 0.6276041666666666 0.05 0.15104166666666666
5 0.1484375 0.6119791666666666 0.29270833333333335 0.24479166666666666
5 0.5505208333333333 0.5598958333333334 0.08020833333333334 0.050347222222222224
6 0.5 0.24305555555555555 1.0 0.4756944444444444
6 0.9223958333333333 0.5243055555555556 0.15729166666666666 0.22569444444444445
8 0.5041666666666667 0.8897569444444444 0.99375 0.22395833333333334
8 0.5145833333333333 0.6753472222222222 0.19375 0.17708333333333334
8 0.8098958333333334 0.7248263888888888 0.38229166666666664 0.11631944444444445
