4 0.15520833333333334 0.4539930555555556 0.30833333333333335 0.8975694444444444
4 0.890625 0.3888888888888889 0.22083333333333333 0.3333333333333333
5 0.221875 0.7829861111111112 0.25833333333333336 0.4375
5 0.8682291666666667 0.6892361111111112 0.265625 0.22916666666666666
5 0.6453125 0.6111111111111112 0.14479166666666668 0.1076388888888889
5 0.53125 0.5859375 0.06458333333333334 0.08506944444444445
5 0.4427083333333333 0.5677083333333334 0.04583333333333333 0.0625
3 0.4645757291666667 0.5560814236111111 0.041666666666666664 0.09895833333333333
3 0.409785625 0.5498213541666667 0.041666666666666664 0.10243055555555555
3 0.3645833333333333 0.5364583333333334 0.04583333333333333 0.06597222222222222
3 0.7961792708333333 0.7000328993055556 0.11770833333333333 0.3868612847222222
8 0.5026041666666666 0.7829861111111112 0.36354166666666665 0.4375
8 0.8345803125 0.8628472222222222 0.32708333333333334 0.2777777777777778
6 0.653125 0.2751736111111111 0.6958333333333333 0.546875
9 0.065625 0.4409722222222222 0.0625 0.2777777777777778
