4 0.15520833333333334 0.4479166666666667 0.30833333333333335 0.8854166666666666
4 0.8914385416666666 0.3714074652777778 0.21875 0.3038194444444444
5 0.2265625 0.7795138888888888 0.2552083333333333 0.4444444444444444
5 0.6090708854166667 0.61000859375 0.29051093749999995 0.1484185763888889
3 0.3718065625 0.5352354166666666 0.07291666666666667 0.08159722222222222
3 0.886443125 0.7128066840277777 0.22919708333333333 0.5778588541666667
3 0.44125604166666665 0.5466786458333334 0.06875 0.13368055555555555
1 0.8100593229166667 0.8087996527777778 0.3800790625 0.3854166666666667
8 0.4672939583333333 0.7874024305555555 0.328125 0.4253472222222222
8 0.7149102604166667 0.8514927951388889 0.1722628125 0.3004866319444444
6 0.6604166666666667 0.2916666666666667 0.68125 0.5729166666666666
9 0.06510416666666667 0.4357638888888889 0.06770833333333333 0.2673611111111111
