0 0.3390625 0.5963541666666666 0.14479166666666668 0.22395833333333334
3 0.5552083333333333 0.5581597222222222 0.07083333333333333 0.11631944444444445
3 0.4588541666666667 0.5442708333333334 0.121875 0.08506944444444445
3 0.9447916666666667 0.6241319444444444 0.0625 0.265625
3 0.6322916666666667 0.6848958333333334 0.325 0.6197916666666666
5 0.14166666666666666 0.6076388888888888 0.28125 0.2951388888888889
5 0.7942708333333334 0.6024305555555556 0.11770833333333333 0.04513888888888889
6 0.5010416666666667 0.2439236111111111 1.0 0.4670138888888889
6 0.9223958333333333 0.5460069444444444 0.15729166666666666 0.18229166666666666
8 0.1625 0.9053819444444444 0.325 0.19270833333333334
8 0.853125 0.8489583333333334 0.2875 0.3055555555555556
8 0.4703125 0.6440972222222222 0.13229166666666667 0.1840277777777778
