0 0.3390625 0.6015625 0.15104166666666666 0.22395833333333334
0 0.6828125 0.5746527777777778 0.140625 0.1597222222222222
3 0.5130208333333334 0.5807291666666666 0.06145833333333333 0.19618055555555555
3 0.55625 0.5607638888888888 0.04375 0.1527777777777778
3 0.6046875 0.609375 0.04895833333333333 0.21875
3 0.6697916666666667 0.5894097222222222 0.052083333333333336 0.2204861111111111
3 0.7286458333333333 0.6041666666666666 0.059375 0.20833333333333334
3 0.9083333333333333 0.6041666666666666 0.04791666666666667 0.20833333333333334
3 0.43333333333333335 0.5338541666666666 0.05 0.08506944444444445
5 0.14895833333333333 0.6015625 0.29583333333333334 0.2586805555555556
5 0.7989583333333333 0.6171875 0.10625 0.050347222222222224
6 0.49947916666666664 0.2569444444444444 1.0 0.5034722222222222
6 0.925 0.5494791666666666 0.15208333333333332 0.2065972222222222
8 0.5005208333333333 0.9114583333333334 1.0 0.18055555555555555
8 0.6713541666666667 0.7421875 0.6572916666666667 0.13368055555555555
8 0.47291666666666665 0.6128472222222222 0.12708333333333333 0.10416666666666667
