0 0.334375 0.5885416666666666 0.13958333333333334 0.20833333333333334
0 0.6161458333333333 0.6197916666666666 0.24270833333333333 0.2465277777777778
0 0.7104166666666667 0.5720486111111112 0.10416666666666667 0.1267361111111111
3 0.4453125 0.578125 0.046875 0.16319444444444445
3 0.7927083333333333 0.6215277777777778 0.04583333333333333 0.14930555555555555
5 0.14114583333333333 0.6302083333333334 0.28229166666666666 0.2222222222222222
5 0.05520833333333333 0.4756944444444444 0.1 0.1076388888888889
6 0.503125 0.2586805555555556 0.9958333333333333 0.4965277777777778
6 0.9270833333333334 0.5269097222222222 0.14791666666666667 0.1579861111111111
8 0.5041666666666667 0.8949652777777778 0.99375 0.21354166666666666
8 0.45208333333333334 0.7013888888888888 0.07916666666666666 0.16319444444444445
8 0.8640625 0.7291666666666666 0.240625 0.11458333333333333
