4 0.15520833333333334 0.4479166666666667 0.30833333333333335 0.8854166666666666
4 0.8914385416666666 0.3714074652777778 0.21875 0.3038194444444444
5 0.2265625 0.7795138888888888 0.2552083333333333 0.4444444444444444
5 0.8918301562500001 0.6757019965277777 0.2166134375 0.1922140625
5 0.5469738541666668 0.5844611111111111 0.166316875 0.10705590277777778
3 0.3718445833333333 0.5352354166666666 0.07299270833333332 0.08159722222222222
3 0.7302387499999999 0.7152397569444444 0.24379562500000002 0.5729927083333333
3 0.44146515625 0.5467483506944445 0.06916822916666666 0.13381996527777776
1 0.74826265625 0.8089137152777778 0.5046609375 0.3856447916666667
8 0.4674650520833333 0.7874024305555555 0.32846718750000004 0.4253472222222222
8 0.8638153645833333 0.8602430555555556 0.27445260416666667 0.2829861111111111
6 0.6604166666666667 0.2916666666666667 0.68125 0.5729166666666666
9 0.06510416666666667 0.4357638888888889 0.06770833333333333 0.2673611111111111
