0 0.3375 0.5946180555555556 0.14583333333333334 0.21006944444444445
0 0.6869791666666667 0.5755208333333334 0.159375 0.1684027777777778
1 0.43802083333333336 0.5355902777777778 0.023958333333333335 0.046875
3 0.48541666666666666 0.5303819444444444 0.029166666666666667 0.10590277777777778
3 0.55 0.640625 0.0875 0.4618055555555556
3 0.79375 0.6154513888888888 0.04375 0.1371527777777778
3 0.4505208333333333 0.5234375 0.06145833333333333 0.07465277777777778
5 0.14791666666666667 0.625 0.28125 0.2361111111111111
6 0.11041666666666666 0.2621527777777778 0.21666666666666667 0.5
6 0.6145833333333334 0.2526041666666667 0.7729166666666667 0.4878472222222222
6 0.8671875 0.5503472222222222 0.04895833333333333 0.2048611111111111
6 0.921875 0.5520833333333334 0.04583333333333333 0.18055555555555555
6 0.9796875 0.5720486111111112 0.042708333333333334 0.24479166666666666
8 0.5026041666666666 0.8940972222222222 0.996875 0.2152777777777778
8 0.4640625 0.6944444444444444 0.090625 0.1736111111111111
8 0.7458333333333333 0.71875 0.33958333333333335 0.1527777777777778
