4 0.22864583333333333 0.3133680555555556 0.33645833333333336 0.3871527777777778
4 0.5046875 0.3524305555555556 0.14895833333333333 0.2361111111111111
4 0.8765625 0.2534722222222222 0.24895833333333334 0.2986111111111111
5 0.91875 0.4791666666666667 0.16458333333333333 0.2708333333333333
5 0.46510416666666665 0.5234375 0.042708333333333334 0.09895833333333333
0 0.6473958333333333 0.4956597222222222 0.04479166666666667 0.06076388888888889
0 0.7609375 0.5338541666666666 0.16354166666666667 0.2170138888888889
0 0.08333333333333333 0.5381944444444444 0.13541666666666666 0.11805555555555555
3 0.2343403125 0.520871875 0.084375 0.16666666666666666
3 0.7690278125 0.5361881944444444 0.06041666666666667 0.2465277777777778
3 0.3567823958333333 0.5738618055555555 0.08333333333333333 0.3072916666666667
3 0.4359721875 0.5452739583333334 0.052083333333333336 0.22395833333333334
3 0.40730322916666667 0.5826003472222223 0.051041666666666666 0.2673611111111111
3 0.6186573958333333 0.49511961805555554 0.022916666666666665 0.08159722222222222
3 0.5944444791666667 0.4967592013888889 0.03125 0.09375
3 0.49839125 0.5097222222222223 0.040625 0.14930555555555555
1 0.22238427083333334 0.5851272569444445 0.1375 0.1371527777777778
8 0.5005208333333333 0.8038194444444444 0.9989583333333333 0.3784722222222222
7 0.22708333333333333 0.4609375 0.12291666666666666 0.11631944444444445
6 0.029166666666666667 0.25 0.05 0.4826388888888889
6 0.20729166666666668 0.11197916666666667 0.2916666666666667 0.2065972222222222
6 0.4010416666666667 0.234375 0.37083333333333335 0.4652777777777778
6 0.7302083333333333 0.20399305555555555 0.05625 0.3975694444444444
6 0.6453125 0.2586805555555556 0.10729166666666666 0.4236111111111111
6 0.8776041666666666 0.09461805555555555 0.24479166666666666 0.18229166666666666
6 0.9583333333333334 0.3003472222222222 0.08541666666666667 0.4652777777777778
9 0.8067708333333333 0.2621527777777778 0.017708333333333333 0.09375
9 0.7765625 0.2890625 0.028125 0.109375
