4 0.30885416666666665 0.4296875 0.34479166666666666 0.2204861111111111
4 0.5848958333333333 0.4262152777777778 0.15104166666666666 0.2204861111111111
4 0.7494221354166667 0.18060625 0.1157390625 0.17024027777777778
5 0.8380208333333333 0.7447916666666666 0.3260416666666667 0.5104166666666666
5 0.2078125 0.5269097222222222 0.31145833333333334 0.1579861111111111
0 0.5880208333333333 0.5277777777777778 0.06145833333333333 0.09027777777777778
3 0.40625 0.59375 0.05625 0.21875
3 0.5015625 0.5859375 0.06979166666666667 0.2170138888888889
1 0.61875 0.7734375 0.16875 0.4565972222222222
8 0.3619791666666667 0.8611111111111112 0.715625 0.28125
8 0.5098958333333333 0.6423611111111112 0.284375 0.16319444444444445
7 0.58125 0.4131944444444444 0.08958333333333333 0.052083333333333336
6 0.5010416666666667 0.2847222222222222 1.0 0.5590277777777778
9 0.34375 0.5 0.07708333333333334 0.06597222222222222
9 0.7333333333333333 0.1953125 0.03125 0.0920138888888889
