0 0.3333333333333333 0.5963541666666666 0.15833333333333333 0.22395833333333334
0 0.6859375 0.5703125 0.140625 0.13368055555555555
1 0.43802083333333336 0.5251736111111112 0.036458333333333336 0.057291666666666664
3 0.47604166666666664 0.5659722222222222 0.03125 0.16319444444444445
3 0.5828125 0.6440972222222222 0.084375 0.4131944444444444
3 0.7921875 0.6145833333333334 0.036458333333333336 0.16319444444444445
5 0.14322916666666666 0.6371527777777778 0.278125 0.19791666666666666
5 0.0578125 0.4878472222222222 0.11145833333333334 0.1111111111111111
5 0.7598958333333333 0.6119791666666666 0.03854166666666667 0.057291666666666664
6 0.11666666666666667 0.2682291666666667 0.225 0.515625
6 0.8234375 0.2612847222222222 0.35520833333333335 0.5052083333333334
6 0.8661458333333333 0.5381944444444444 0.059375 0.19791666666666666
6 0.9239583333333333 0.5373263888888888 0.05416666666666667 0.1892361111111111
6 0.9817708333333334 0.5546875 0.03854166666666667 0.21354166666666666
6 0.4395833333333333 0.2326388888888889 0.40208333333333335 0.4479166666666667
8 0.5010416666666667 0.9001736111111112 1.0 0.203125
8 0.4791666666666667 0.6822916666666666 0.10833333333333334 0.21180555555555555
8 0.7822916666666667 0.7239583333333334 0.33958333333333335 0.1423611111111111
