0 0.3385416666666667 0.5980902777777778 0.15208333333333332 0.22743055555555555
0 0.6833333333333333 0.5746527777777778 0.15625 0.15625
2 0.5505208333333333 0.5920138888888888 0.04479166666666667 0.1076388888888889
3 0.415625 0.5251736111111112 0.058333333333333334 0.046875
3 0.9052083333333333 0.5980902777777778 0.04791666666666667 0.19618055555555555
5 0.7880208333333333 0.609375 0.11145833333333334 0.06597222222222222
5 0.15208333333333332 0.6050347222222222 0.28541666666666665 0.2690972222222222
5 0.5395833333333333 0.5529513888888888 0.12291666666666666 0.05381944444444445
6 0.5015625 0.2838541666666667 0.9989583333333333 0.5572916666666666
8 0.5015625 0.8845486111111112 0.9989583333333333 0.234375
8 0.69375 0.7022569444444444 0.60625 0.10590277777777778
8 0.4921875 0.5894097222222222 0.165625 0.10243055555555555
