0 0.33125 0.5928819444444444 0.16875 0.22743055555555555
0 0.6869791666666667 0.5720486111111112 0.15729166666666666 0.1545138888888889
3 0.434375 0.5277777777777778 0.04791666666666667 0.041666666666666664
5 0.14791666666666667 0.6067708333333334 0.29375 0.24479166666666666
5 0.7911458333333333 0.6067708333333334 0.12604166666666666 0.057291666666666664
6 0.5010416666666667 0.24739583333333334 1.0 0.4704861111111111
6 0.9255208333333333 0.5477430555555556 0.15104166666666666 0.2204861111111111
8 0.5026041666666666 0.8914930555555556 0.996875 0.2204861111111111
8 0.684375 0.7092013888888888 0.6041666666666666 0.11284722222222222
8 0.5098958333333333 0.5980902777777778 0.16770833333333332 0.07465277777777778
