0 0.33697916666666666 0.5972222222222222 0.15729166666666666 0.21875
0 0.684375 0.5815972222222222 0.15208333333333332 0.1701388888888889
3 0.5354166666666667 0.5625 0.0375 0.13194444444444445
3 0.5817708333333333 0.5720486111111112 0.036458333333333336 0.1267361111111111
3 0.4583333333333333 0.5390625 0.0875 0.07118055555555555
5 0.14479166666666668 0.609375 0.2875 0.2604166666666667
5 0.8015625 0.609375 0.12395833333333334 0.05555555555555555
6 0.5010416666666667 0.2578125 1.0 0.5086805555555556
6 0.91875 0.53125 0.16458333333333333 0.24305555555555555
8 0.5015625 0.8993055555555556 0.9989583333333333 0.2048611111111111
8 0.6802083333333333 0.7395833333333334 0.61875 0.09027777777777778
8 0.5135416666666667 0.6241319444444444 0.1875 0.1267361111111111
