4 0.15520833333333334 0.4401041666666667 0.30833333333333335 0.8628472222222222
4 0.8932291666666666 0.3697916666666667 0.215625 0.2604166666666667
5 0.22760416666666666 0.78125 0.23645833333333333 0.4409722222222222
5 0.86618 0.6766461805555556 0.26458333333333334 0.1892361111111111
5 0.570635625 0.5916717013888889 0.28125 0.125
3 0.3723958333333333 0.5399305555555556 0.057291666666666664 0.09027777777777778
3 0.96075125 0.7058875 0.07708333333333334 0.4618055555555556
3 0.4239583333333333 0.546875 0.058333333333333334 0.09027777777777778
8 0.4817708333333333 0.7760416666666666 0.31354166666666666 0.4513888888888889
8 0.8119791666666667 0.8541666666666666 0.3614583333333333 0.28125
6 0.6557291666666667 0.2803819444444444 0.690625 0.5434027777777778
9 0.0671875 0.4340277777777778 0.08020833333333334 0.2673611111111111
