0 0.1671875 0.4861111111111111 0.065625 0.14583333333333334
0 0.3854166666666667 0.6380208333333334 0.42291666666666666 0.4913194444444444
0 0.48385416666666664 0.4383680555555556 0.06770833333333333 0.08159722222222222
4 0.24114583333333334 0.2065972222222222 0.4864583333333333 0.3888888888888889
4 0.8046875 0.4461805555555556 0.3927083333333333 0.8854166666666666
5 0.065625 0.5243055555555556 0.12916666666666668 0.2569444444444444
5 0.5833333333333334 0.4539930555555556 0.13541666666666666 0.1579861111111111
6 0.2953125 0.2595486111111111 0.190625 0.2378472222222222
6 0.1171875 0.3394097222222222 0.11770833333333333 0.21006944444444445
6 0.5609375 0.2795138888888889 0.10729166666666666 0.5486111111111112
7 0.1859375 0.2048611111111111 0.15729166666666666 0.041666666666666664
8 0.090625 0.7855902777777778 0.17291666666666666 0.4149305555555556
8 0.628125 0.7786458333333334 0.09791666666666667 0.4253472222222222
8 0.3645833333333333 0.9392361111111112 0.7270833333333333 0.10416666666666667
9 0.45364583333333336 0.11979166666666667 0.021875 0.034722222222222224
9 0.45677083333333335 0.22395833333333334 0.042708333333333334 0.03125
9 0.46197916666666666 0.3402777777777778 0.046875 0.041666666666666664
9 0.3640625 0.2109375 0.053125 0.11631944444444445
9 0.4197916666666667 0.09288194444444445 0.025 0.07118055555555555
9 0.4197916666666667 0.2569444444444444 0.03125 0.10416666666666667
9 0.3625 0.3619791666666667 0.05 0.057291666666666664
9 0.059375 0.16493055555555555 0.075 0.10069444444444445
