2 0.3796875 0.5642361111111112 0.051041666666666666 0.07291666666666667
4 0.15729166666666666 0.4270833333333333 0.3125 0.84375
4 0.8828125 0.3793402777777778 0.23645833333333333 0.3697916666666667
5 0.21614583333333334 0.7829861111111112 0.253125 0.4375
5 0.8682291666666667 0.6979166666666666 0.25729166666666664 0.22569444444444445
5 0.5572916666666666 0.5954861111111112 0.06666666666666667 0.0798611111111111
3 0.440625 0.5572916666666666 0.058333333333333334 0.09722222222222222
3 0.375 0.5538194444444444 0.052083333333333336 0.11805555555555555
3 0.5161458333333333 0.59375 0.053125 0.21180555555555555
3 0.628125 0.6258680555555556 0.08333333333333333 0.2864583333333333
3 0.7125 0.6319444444444444 0.075 0.2708333333333333
8 0.46458333333333335 0.7699652777777778 0.2791666666666667 0.4635416666666667
8 0.80625 0.8333333333333334 0.38958333333333334 0.3229166666666667
6 0.6640625 0.2829861111111111 0.6739583333333333 0.5486111111111112
9 0.06614583333333333 0.4383680555555556 0.059375 0.2829861111111111
