0 0.33697916666666666 0.5928819444444444 0.146875 0.2170138888888889
3 0.5010416666666667 0.6328125 0.07291666666666667 0.359375
3 0.559375 0.5694444444444444 0.041666666666666664 0.1701388888888889
3 0.6739583333333333 0.65625 0.06666666666666667 0.4131944444444444
3 0.7921875 0.6223958333333334 0.04479166666666667 0.1579861111111111
3 0.6229166666666667 0.5755208333333334 0.035416666666666666 0.18229166666666666
3 0.7286458333333333 0.5833333333333334 0.03854166666666667 0.2326388888888889
3 0.4265625 0.5251736111111112 0.04479166666666667 0.057291666666666664
4 0.058854166666666666 0.3420138888888889 0.109375 0.2569444444444444
5 0.15208333333333332 0.6302083333333334 0.28125 0.2465277777777778
6 0.14166666666666666 0.2404513888888889 0.15625 0.4635416666666667
6 0.6151041666666667 0.2282986111111111 0.771875 0.4322916666666667
6 0.8703125 0.5477430555555556 0.03854166666666667 0.234375
6 0.91875 0.5434027777777778 0.052083333333333336 0.20833333333333334
6 0.9796875 0.5616319444444444 0.042708333333333334 0.21006944444444445
8 0.49947916666666664 0.8949652777777778 1.0 0.21006944444444445
8 0.6994791666666667 0.7022569444444444 0.590625 0.13368055555555555
