0 0.33229166666666665 0.5963541666666666 0.14583333333333334 0.22743055555555555
0 0.6822916666666666 0.5789930555555556 0.15416666666666667 0.1579861111111111
3 0.45729166666666665 0.5442708333333334 0.09166666666666666 0.06770833333333333
3 0.7890625 0.6276041666666666 0.04895833333333333 0.1440972222222222
5 0.14739583333333334 0.6050347222222222 0.28854166666666664 0.2586805555555556
5 0.5479166666666667 0.5572916666666666 0.08958333333333333 0.06944444444444445
5 0.7447916666666666 0.6163194444444444 0.029166666666666667 0.059027777777777776
6 0.5036458333333333 0.2595486111111111 0.9947916666666666 0.4982638888888889
6 0.9276041666666667 0.5355902777777778 0.146875 0.22395833333333334
8 0.503125 0.8854166666666666 0.9958333333333333 0.2326388888888889
8 0.5072916666666667 0.6675347222222222 0.2 0.18229166666666666
8 0.8078125 0.71875 0.38645833333333335 0.09027777777777778
