0 0.33958333333333335 0.6006944444444444 0.15208333333333332 0.2222222222222222
0 0.6833333333333333 0.5850694444444444 0.14791666666666667 0.1701388888888889
3 0.5369791666666667 0.5625 0.03229166666666667 0.12152777777777778
3 0.5739583333333333 0.5685763888888888 0.03333333333333333 0.13368055555555555
3 0.446875 0.5347222222222222 0.08541666666666667 0.0798611111111111
5 0.14583333333333334 0.609375 0.2875 0.2361111111111111
5 0.7901041666666667 0.6076388888888888 0.11145833333333334 0.052083333333333336
6 0.5010416666666667 0.2586805555555556 1.0 0.5
6 0.9229166666666667 0.5598958333333334 0.15625 0.21354166666666666
8 0.5010416666666667 0.8967013888888888 1.0 0.21006944444444445
8 0.6848958333333334 0.7265625 0.6197916666666666 0.109375
8 0.5088541666666667 0.6163194444444444 0.178125 0.08680555555555555
