0 0.33697916666666666 0.5998263888888888 0.14270833333333333 0.2309027777777778
0 0.6848958333333334 0.5755208333333334 0.16145833333333334 0.1579861111111111
3 0.9677083333333333 0.6414930555555556 0.06666666666666667 0.3385416666666667
3 0.5682291666666667 0.5659722222222222 0.030208333333333334 0.11458333333333333
3 0.5328125 0.5685763888888888 0.036458333333333336 0.13368055555555555
3 0.45677083333333335 0.5460069444444444 0.08020833333333334 0.078125
5 0.14583333333333334 0.6076388888888888 0.2916666666666667 0.2569444444444444
5 0.7932291666666667 0.6111111111111112 0.11770833333333333 0.052083333333333336
6 0.5005208333333333 0.2526041666666667 1.0 0.4878472222222222
6 0.8916666666666667 0.53125 0.10208333333333333 0.1701388888888889
8 0.503125 0.8914930555555556 0.9958333333333333 0.2204861111111111
8 0.47760416666666666 0.6701388888888888 0.13020833333333334 0.2048611111111111
8 0.7333333333333333 0.7196180555555556 0.38333333333333336 0.10590277777777778
