0 0.3380208333333333 0.5989583333333334 0.14895833333333333 0.21875
0 0.6869791666666667 0.5729166666666666 0.15520833333333334 0.1423611111111111
3 0.46822916666666664 0.5390625 0.09479166666666666 0.07465277777777778
3 0.7916666666666666 0.6267361111111112 0.041666666666666664 0.1388888888888889
5 0.15208333333333332 0.6258680555555556 0.29375 0.2309027777777778
5 0.5536458333333333 0.5572916666666666 0.078125 0.059027777777777776
6 0.5020833333333333 0.2586805555555556 0.9979166666666667 0.5104166666666666
6 0.9182291666666667 0.5147569444444444 0.165625 0.2204861111111111
8 0.5020833333333333 0.9001736111111112 0.9979166666666667 0.203125
8 0.515625 0.6805555555555556 0.18958333333333333 0.21875
8 0.8083333333333333 0.7274305555555556 0.3854166666666667 0.1388888888888889
