0 0.32760416666666664 0.5920138888888888 0.16770833333333332 0.22569444444444445
0 0.65 0.5755208333333334 0.09166666666666666 0.1684027777777778
3 0.5307291666666667 0.5538194444444444 0.026041666666666668 0.09375
3 0.7369791666666666 0.6579861111111112 0.09479166666666666 0.3576388888888889
3 0.45729166666666665 0.5225694444444444 0.03333333333333333 0.041666666666666664
4 0.059895833333333336 0.3350694444444444 0.11145833333333334 0.2361111111111111
5 0.14895833333333333 0.6067708333333334 0.29583333333333334 0.265625
5 0.8010416666666667 0.5859375 0.041666666666666664 0.07465277777777778
5 0.575 0.5538194444444444 0.04375 0.07291666666666667
6 0.12708333333333333 0.2977430555555556 0.17708333333333334 0.5920138888888888
6 0.5703125 0.3697916666666667 0.203125 0.3715277777777778
6 0.7447916666666666 0.2986111111111111 0.41458333333333336 0.59375
6 0.3234375 0.25 0.19479166666666667 0.4305555555555556
6 0.5041666666666667 0.296875 0.13541666666666666 0.3402777777777778
8 0.6380208333333334 0.8498263888888888 0.7052083333333333 0.2829861111111111
8 0.5151041666666667 0.5902777777777778 0.22604166666666667 0.20833333333333334
