0 0.33958333333333335 0.5920138888888888 0.14583333333333334 0.22569444444444445
0 0.6885416666666667 0.5807291666666666 0.14791666666666667 0.16145833333333334
3 0.4609375 0.5425347222222222 0.06354166666666666 0.08506944444444445
3 0.790625 0.6189236111111112 0.035416666666666666 0.1545138888888889
3 0.6020833333333333 0.5763888888888888 0.016666666666666666 0.06944444444444445
3 0.9505208333333334 0.6736111111111112 0.10104166666666667 0.65625
5 0.146875 0.6380208333333334 0.2916666666666667 0.22743055555555555
5 0.5520833333333334 0.5590277777777778 0.06458333333333334 0.04513888888888889
6 0.11614583333333334 0.2621527777777778 0.228125 0.5
6 0.5734375 0.2569444444444444 0.6677083333333333 0.4930555555555556
6 0.8692708333333333 0.5512152777777778 0.051041666666666666 0.18229166666666666
6 0.5390625 0.3689236111111111 0.14479166666666668 0.3559027777777778
8 0.5041666666666667 0.9045138888888888 0.99375 0.19444444444444445
8 0.6291666666666667 0.7291666666666666 0.5333333333333333 0.11805555555555555
8 0.5125 0.6085069444444444 0.17916666666666667 0.10590277777777778
