2 0.38333333333333336 0.5824652777777778 0.052083333333333336 0.08506944444444445
4 0.15677083333333333 0.4375 0.31145833333333334 0.8680555555555556
5 0.22708333333333333 0.78125 0.23958333333333334 0.4409722222222222
5 0.8682291666666667 0.6909722222222222 0.253125 0.1875
5 0.47552083333333334 0.5798611111111112 0.11354166666666667 0.1111111111111111
3 0.384375 0.5355902777777778 0.06875 0.08854166666666667
3 0.5697916666666667 0.6258680555555556 0.07083333333333333 0.3211805555555556
3 0.63125 0.6102430555555556 0.06875 0.2795138888888889
3 0.70625 0.6284722222222222 0.058333333333333334 0.2534722222222222
8 0.46197916666666666 0.7855902777777778 0.28020833333333334 0.4322916666666667
8 0.80625 0.8272569444444444 0.38958333333333334 0.3489583333333333
6 0.6609375 0.2890625 0.6802083333333333 0.5677083333333334
9 0.08020833333333334 0.4340277777777778 0.07291666666666667 0.2604166666666667
