0 0.33645833333333336 0.5911458333333334 0.15208333333333332 0.234375
0 0.6880208333333333 0.5729166666666666 0.15104166666666666 0.1527777777777778
3 0.5109375 0.5460069444444444 0.04479166666666667 0.078125
3 0.43802083333333336 0.5416666666666666 0.03229166666666667 0.06944444444444445
3 0.7921875 0.6163194444444444 0.040625 0.14583333333333334
5 0.14583333333333334 0.6111111111111112 0.28125 0.22916666666666666
5 0.85 0.6215277777777778 0.0625 0.06597222222222222
5 0.5765625 0.5555555555555556 0.036458333333333336 0.06944444444444445
6 0.15052083333333333 0.2595486111111111 0.15729166666666666 0.5086805555555556
6 0.8307291666666666 0.2604166666666667 0.340625 0.5034722222222222
6 0.8677083333333333 0.5598958333333334 0.035416666666666666 0.19618055555555555
6 0.9182291666666667 0.5625 0.046875 0.1840277777777778
6 0.975 0.5659722222222222 0.052083333333333336 0.1909722222222222
6 0.5640625 0.3489583333333333 0.15729166666666666 0.3993055555555556
6 0.3567708333333333 0.2595486111111111 0.23645833333333333 0.4253472222222222
8 0.5015625 0.8949652777777778 0.9989583333333333 0.21354166666666666
8 0.5135416666666667 0.6953125 0.175 0.21006944444444445
8 0.803125 0.7569444444444444 0.3770833333333333 0.1909722222222222
