0 0.3296875 0.59375 0.15729166666666666 0.19791666666666666
0 0.6833333333333333 0.5763888888888888 0.15625 0.14583333333333334
3 0.4473958333333333 0.5486111111111112 0.028125 0.10416666666666667
3 0.5072916666666667 0.5477430555555556 0.03125 0.08159722222222222
3 0.7911458333333333 0.6076388888888888 0.042708333333333334 0.1423611111111111
5 0.15208333333333332 0.6206597222222222 0.3 0.203125
5 0.05572916666666667 0.4670138888888889 0.10104166666666667 0.08333333333333333
5 0.7484375 0.6102430555555556 0.030208333333333334 0.050347222222222224
6 0.5015625 0.2578125 0.9989583333333333 0.4982638888888889
6 0.8677083333333333 0.5347222222222222 0.05 0.2048611111111111
6 0.921875 0.5399305555555556 0.04583333333333333 0.19444444444444445
6 0.978125 0.5538194444444444 0.04583333333333333 0.20833333333333334
8 0.5015625 0.9027777777777778 0.9989583333333333 0.19791666666666666
8 0.5098958333333333 0.6944444444444444 0.19479166666666667 0.2326388888888889
8 0.8078125 0.7282986111111112 0.38645833333333335 0.13368055555555555
