0 0.3333333333333333 0.5963541666666666 0.15416666666666667 0.234375
0 0.6854166666666667 0.5789930555555556 0.16041666666666668 0.15104166666666666
0 0.4395833333333333 0.5373263888888888 0.04791666666666667 0.046875
3 0.4953125 0.6015625 0.04895833333333333 0.2586805555555556
3 0.5838541666666667 0.6039737847222223 0.06979166666666667 0.2538579861111111
3 0.7942708333333334 0.6189236111111112 0.042708333333333334 0.1753472222222222
5 0.15052083333333333 0.6111111111111112 0.284375 0.2569444444444444
6 0.5026041666666666 0.2508680555555556 0.996875 0.4809027777777778
6 0.9234375 0.5477430555555556 0.15520833333333334 0.1892361111111111
8 0.5041666666666667 0.9001736111111112 0.99375 0.203125
8 0.5260416666666666 0.6822916666666666 0.19166666666666668 0.20833333333333334
8 0.8026041666666667 0.7282986111111112 0.340625 0.11631944444444445
