4 0.2984375 0.4288194444444444 0.32395833333333335 0.21875
4 0.5848958333333333 0.4262152777777778 0.15104166666666666 0.2204861111111111
4 0.75625 0.1779513888888889 0.10208333333333333 0.16493055555555555
5 0.8380208333333333 0.7447916666666666 0.3260416666666667 0.5104166666666666
5 0.18717302083333331 0.540665625 0.27299270833333333 0.09732361111111111
5 0.4973236458333333 0.5295138888888888 0.13125 0.09027777777777778
0 0.5880208333333333 0.5277777777777778 0.06145833333333333 0.09027777777777778
3 0.47525854166666665 0.5366166666666667 0.052083333333333336 0.10243055555555555
3 0.35552770833333336 0.5908796875 0.09583333333333334 0.2517361111111111
1 0.61875 0.7734375 0.16875 0.4565972222222222
1 0.36259885416666665 0.657853125 0.13333333333333333 0.234375
8 0.40677083333333336 0.8611111111111112 0.8114583333333333 0.28125
8 0.5098958333333333 0.6423611111111112 0.284375 0.16319444444444445
7 0.58125 0.4131944444444444 0.08958333333333333 0.052083333333333336
6 0.5010416666666667 0.2847222222222222 1.0 0.5590277777777778
9 0.3416666666666667 0.5 0.07708333333333334 0.0798611111111111
9 0.7328125 0.19010416666666666 0.036458333333333336 0.08854166666666667
