2 0.5822916666666667 0.6588541666666666 0.11041666666666666 0.203125
4 0.15 0.4427083333333333 0.28958333333333336 0.8680555555555556
4 0.8916666666666667 0.3689236111111111 0.21875 0.3038194444444444
5 0.2296875 0.7734375 0.2552083333333333 0.4565972222222222
5 0.45729166666666665 0.5598958333333334 0.08541666666666667 0.05381944444444445
5 0.6755208333333333 0.6571180555555556 0.059375 0.11631944444444445
5 0.8807291666666667 0.6901041666666666 0.23229166666666667 0.2065972222222222
3 0.3729166666666667 0.5451388888888888 0.0625 0.09722222222222222
3 0.509375 0.5729166666666666 0.04375 0.1527777777777778
3 0.5828125 0.6241319444444444 0.09270833333333334 0.2725694444444444
3 0.734375 0.6536458333333334 0.09791666666666667 0.390625
3 0.8270833333333333 0.6649305555555556 0.07291666666666667 0.3541666666666667
8 0.4625 0.7595486111111112 0.2916666666666667 0.4704861111111111
8 0.7958333333333333 0.8420138888888888 0.41041666666666665 0.3194444444444444
6 0.6427083333333333 0.2934027777777778 0.7020833333333333 0.5763888888888888
9 0.0796875 0.4401041666666667 0.084375 0.2899305555555556
