0 0.33229166666666665 0.6015625 0.15625 0.22395833333333334
0 0.6953125 0.5703125 0.13229166666666667 0.11631944444444445
3 0.47552083333333334 0.6276041666666666 0.06979166666666667 0.3107638888888889
3 0.5661458333333333 0.6206597222222222 0.057291666666666664 0.3211805555555556
3 0.7921875 0.6206597222222222 0.03854166666666667 0.14756944444444445
3 0.6765625 0.5859375 0.03854166666666667 0.2065972222222222
3 0.6244791666666667 0.578125 0.04479166666666667 0.1840277777777778
4 0.05572916666666667 0.3732638888888889 0.103125 0.2673611111111111
5 0.15052083333333333 0.6414930555555556 0.290625 0.19618055555555555
5 0.8453125 0.6015625 0.059375 0.057291666666666664
6 0.8609375 0.5321180555555556 0.05520833333333333 0.1753472222222222
6 0.9135416666666667 0.5442708333333334 0.05416666666666667 0.1579861111111111
6 0.9765625 0.5607638888888888 0.04895833333333333 0.17708333333333334
6 0.503125 0.2421875 0.9958333333333333 0.4635416666666667
8 0.5041666666666667 0.9001736111111112 0.99375 0.203125
8 0.675 0.7395833333333334 0.63125 0.12152777777777778
