4 0.22552083333333334 0.3480902777777778 0.3385416666666667 0.3350694444444444
4 0.8697916666666666 0.2760416666666667 0.24791666666666667 0.21875
4 0.5010416666666667 0.3940972222222222 0.15416666666666667 0.2777777777777778
5 0.26927083333333335 0.5621704861111111 0.23229166666666667 0.08680555555555555
5 0.3098958333333333 0.5017361111111112 0.059375 0.1597222222222222
5 0.9177083333333333 0.4713541666666667 0.14583333333333334 0.2204861111111111
5 0.43072916666666666 0.5104166666666666 0.12395833333333334 0.10416666666666667
0 0.071875 0.5321180555555556 0.12708333333333333 0.1232638888888889
0 0.771875 0.5269097222222222 0.16875 0.2065972222222222
3 0.8630208333333333 0.5355902777777778 0.06354166666666666 0.2586805555555556
3 0.36354166666666665 0.5416666666666666 0.03958333333333333 0.2013888888888889
3 0.346875 0.5225694444444444 0.0375 0.19791666666666666
3 0.4895833333333333 0.5130208333333334 0.03333333333333333 0.11979166666666667
3 0.50625 0.5086805555555556 0.035416666666666666 0.13194444444444445
3 0.54375 0.5017361111111112 0.03958333333333333 0.14930555555555555
3 0.5802083333333333 0.5147569444444444 0.05416666666666667 0.1440972222222222
3 0.6411458333333333 0.5008680555555556 0.036458333333333336 0.109375
1 0.5903588541666667 0.5629751736111112 0.08958333333333333 0.1232638888888889
8 0.5015625 0.8133680555555556 0.9989583333333333 0.3767361111111111
8 0.56606984375 0.5468623263888889 0.22494677083333334 0.12918194444444445
7 0.21875 0.4557291666666667 0.1375 0.11631944444444445
6 0.5026041666666666 0.21006944444444445 0.996875 0.4166666666666667
6 0.4234375 0.2699652777777778 0.13229166666666667 0.5364583333333334
