0 0.3375 0.59375 0.15 0.21875
0 0.6859375 0.5763888888888888 0.15520833333333334 0.1527777777777778
1 0.59375 0.6336805555555556 0.05 0.09027777777777778
3 0.4588541666666667 0.5928819444444444 0.04479166666666667 0.2065972222222222
3 0.8411458333333334 0.6336805555555556 0.078125 0.3506944444444444
3 0.9369791666666667 0.71875 0.12604166666666666 0.5451388888888888
3 0.9083333333333333 0.5737847222222222 0.04583333333333333 0.1684027777777778
3 0.4197916666666667 0.5303819444444444 0.05 0.06076388888888889
5 0.15260416666666668 0.5998263888888888 0.2947916666666667 0.2795138888888889
5 0.7723958333333333 0.609375 0.07395833333333333 0.07291666666666667
5 0.5276041666666667 0.5512152777777778 0.07604166666666666 0.050347222222222224
6 0.5015625 0.2795138888888889 0.9989583333333333 0.5416666666666666
8 0.5010416666666667 0.9010416666666666 1.0 0.2013888888888889
8 0.5885416666666666 0.7265625 0.4479166666666667 0.13020833333333334
8 0.49322916666666666 0.5954861111111112 0.14895833333333333 0.11458333333333333
