0 0.33645833333333336 0.59375 0.15 0.23958333333333334
0 0.5067708333333333 0.5598958333333334 0.09895833333333333 0.10243055555555555
0 0.6864583333333333 0.5746527777777778 0.15 0.1597222222222222
3 0.44947916666666665 0.5390625 0.021875 0.07465277777777778
3 0.7880208333333333 0.6180555555555556 0.04895833333333333 0.1527777777777778
3 0.4109375 0.5338541666666666 0.028125 0.05381944444444445
4 0.0625 0.359375 0.12916666666666668 0.2881944444444444
5 0.14895833333333333 0.6284722222222222 0.2875 0.2152777777777778
5 0.8375 0.6180555555555556 0.03125 0.059027777777777776
5 0.5807291666666666 0.5703125 0.04895833333333333 0.0642361111111111
6 0.13958333333333334 0.2560763888888889 0.16666666666666666 0.4947916666666667
6 0.5744791666666667 0.3203125 0.19895833333333332 0.3420138888888889
6 0.8098958333333334 0.2526041666666667 0.353125 0.484375
6 0.8697916666666666 0.5477430555555556 0.0375 0.16493055555555555
6 0.9192708333333334 0.5685763888888888 0.03854166666666667 0.203125
6 0.9765625 0.5651041666666666 0.042708333333333334 0.21006944444444445
6 0.3458333333333333 0.2647569444444444 0.22083333333333333 0.4253472222222222
8 0.5005208333333333 0.9105902777777778 1.0 0.18229166666666666
8 0.5885416666666666 0.7074652777777778 0.3333333333333333 0.21006944444444445
