0 0.33697916666666666 0.5946180555555556 0.153125 0.22743055555555555
0 0.66875 0.5668402777777778 0.13333333333333333 0.14756944444444445
3 0.4390625 0.5338541666666666 0.07604166666666666 0.0642361111111111
3 0.7046875 0.5989583333333334 0.128125 0.2638888888888889
5 0.1453125 0.6388888888888888 0.29270833333333335 0.21875
5 0.8041666666666667 0.609375 0.1125 0.04513888888888889
6 0.5 0.2604166666666667 0.9979166666666667 0.5069444444444444
6 0.9104166666666667 0.5512152777777778 0.17083333333333334 0.21354166666666666
8 0.5020833333333333 0.9010416666666666 0.9979166666666667 0.2013888888888889
8 0.5140625 0.7161458333333334 0.21979166666666666 0.15104166666666666
8 0.49375 0.5920138888888888 0.1375 0.06944444444444445
8 0.803125 0.7309027777777778 0.3854166666666667 0.1111111111111111
