4 0.15208333333333332 0.4322916666666667 0.3020833333333333 0.8541666666666666
4 0.8921875 0.3914930555555556 0.21770833333333334 0.2899305555555556
5 0.2296875 0.7873263888888888 0.2552083333333333 0.4288194444444444
5 0.9329835416666667 0.7022569444444444 0.13541666666666666 0.22743055555555555
5 0.5833333333333334 0.5954861111111112 0.11666666666666667 0.09375
3 0.3847665625 0.5526598958333333 0.06380020833333333 0.1122642361111111
3 0.43020833333333336 0.5512152777777778 0.04375 0.11979166666666667
3 0.47239583333333335 0.5477430555555556 0.053125 0.11284722222222222
3 0.51875 0.5555555555555556 0.03958333333333333 0.1076388888888889
3 0.7718445833333334 0.6611034722222223 0.12262770833333334 0.4939173611111111
3 0.8744069791666667 0.6965543402777779 0.08541666666666667 0.3694875
8 0.48125 0.7751736111111112 0.3333333333333333 0.453125
8 0.8192708333333333 0.8559027777777778 0.3614583333333333 0.2743055555555556
6 0.6536458333333334 0.2838541666666667 0.6947916666666667 0.546875
9 0.06354166666666666 0.4418402777777778 0.06666666666666667 0.2690972222222222
