0 0.3359375 0.5980902777777778 0.16145833333333334 0.2309027777777778
0 0.6744791666666666 0.5703125 0.13854166666666667 0.14756944444444445
3 0.7713541666666667 0.5998263888888888 0.065625 0.2552083333333333
3 0.6916666666666667 0.6076388888888888 0.07083333333333333 0.2986111111111111
3 0.44947916666666665 0.5381944444444444 0.07395833333333333 0.0625
5 0.14895833333333333 0.6171875 0.29375 0.2482638888888889
5 0.8234375 0.6128472222222222 0.06145833333333333 0.052083333333333336
5 0.5473958333333333 0.5625 0.090625 0.05555555555555555
6 0.5010416666666667 0.2526041666666667 1.0 0.4947916666666667
6 0.9145833333333333 0.5451388888888888 0.17083333333333334 0.22569444444444445
8 0.5010416666666667 0.9010416666666666 1.0 0.2013888888888889
8 0.7046875 0.7248263888888888 0.5927083333333333 0.16145833333333334
8 0.496875 0.5911458333333334 0.17916666666666667 0.08159722222222222
