0 0.33177083333333335 0.5980902777777778 0.15729166666666666 0.2482638888888889
0 0.6875 0.5746527777777778 0.15416666666666667 0.14930555555555555
0 0.4234375 0.5286458333333334 0.034375 0.029513888888888888
3 0.6010416666666667 0.5598958333333334 0.01875 0.046875
3 0.7901041666666667 0.6137152777777778 0.046875 0.15104166666666666
4 0.06302083333333333 0.3333333333333333 0.11979166666666667 0.23958333333333334
5 0.15260416666666668 0.6267361111111112 0.2989583333333333 0.22916666666666666
5 0.5395833333333333 0.5486111111111112 0.1125 0.06944444444444445
5 0.8609375 0.6223958333333334 0.071875 0.078125
6 0.14635416666666667 0.2586805555555556 0.17604166666666668 0.5104166666666666
6 0.8677083333333333 0.5260416666666666 0.058333333333333334 0.1875
6 0.9265625 0.5494791666666666 0.04479166666666667 0.21006944444444445
6 0.9791666666666666 0.5381944444444444 0.04375 0.1701388888888889
6 0.7213541666666666 0.4522569444444444 0.11145833333333334 0.09895833333333333
6 0.8130208333333333 0.2586805555555556 0.3385416666666667 0.4756944444444444
6 0.5520833333333334 0.2829861111111111 0.15625 0.5625
6 0.35833333333333334 0.24305555555555555 0.22083333333333333 0.4618055555555556
8 0.5020833333333333 0.9001736111111112 0.9979166666666667 0.203125
8 0.5119791666666667 0.7803819444444444 0.190625 0.4427083333333333
8 0.809375 0.8342013888888888 0.38333333333333336 0.3350694444444444
