0 0.32447916666666665 0.59375 0.165625 0.21875
0 0.684375 0.5833333333333334 0.16666666666666666 0.16666666666666666
3 0.5520833333333334 0.5616319444444444 0.06041666666666667 0.1232638888888889
3 0.46041666666666664 0.5390625 0.09166666666666666 0.07465277777777778
3 0.9307291666666667 0.6501736111111112 0.06979166666666667 0.3177083333333333
5 0.14479166666666668 0.6032986111111112 0.28541666666666665 0.2725694444444444
5 0.7942708333333334 0.6171875 0.12395833333333334 0.050347222222222224
6 0.5005208333333333 0.2604166666666667 1.0 0.5034722222222222
6 0.8802083333333334 0.5286458333333334 0.058333333333333334 0.21354166666666666
6 0.9739583333333334 0.5199652777777778 0.05416666666666667 0.18229166666666666
8 0.5015625 0.8871527777777778 0.9989583333333333 0.22916666666666666
8 0.6411458333333333 0.7100694444444444 0.48020833333333335 0.10069444444444445
8 0.5010416666666667 0.5902777777777778 0.16458333333333333 0.11805555555555555
