4 0.22864583333333333 0.3133680555555556 0.33645833333333336 0.3871527777777778
4 0.5046875 0.3524305555555556 0.14895833333333333 0.2361111111111111
4 0.8765625 0.2534722222222222 0.24895833333333334 0.2986111111111111
5 0.91875 0.4791666666666667 0.16458333333333333 0.2708333333333333
5 0.3818634375 0.5347222222222222 0.203125 0.13541666666666666
0 0.6473958333333333 0.4956597222222222 0.04479166666666667 0.06076388888888889
0 0.7609375 0.5338541666666666 0.16354166666666667 0.2170138888888889
0 0.0509259375 0.5381944444444444 0.070601875 0.11805555555555555
3 0.7690278125 0.5361881944444444 0.06041666666666667 0.2465277777777778
3 0.23670135416666668 0.54643125 0.146875 0.2829861111111111
3 0.09739583333333333 0.7080439236111111 0.19270833333333334 0.5607638888888888
3 0.4764698958333333 0.5322145833333334 0.042708333333333334 0.1736111111111111
3 0.60625 0.5 0.022916666666666665 0.06597222222222222
3 0.5748727083333333 0.4994020833333333 0.046875 0.10243055555555555
3 0.6456712499999999 0.4965277777777778 0.020833333333333332 0.052083333333333336
1 0.5702083333333333 0.5571565972222222 0.058333333333333334 0.10590277777777778
8 0.5005208333333333 0.8038194444444444 0.9989583333333333 0.3784722222222222
7 0.21687499999999998 0.4553241319444445 0.125 0.11458333333333333
6 0.029166666666666667 0.25 0.05 0.4826388888888889
6 0.20729166666666668 0.11197916666666667 0.2916666666666667 0.2065972222222222
6 0.403773125 0.1953125 0.3625 0.3871527777777778
6 0.7302083333333333 0.20399305555555555 0.05625 0.3975694444444444
6 0.6453125 0.2482638888888889 0.10729166666666666 0.4027777777777778
6 0.8776041666666666 0.09461805555555555 0.24479166666666666 0.18229166666666666
6 0.9583333333333334 0.3003472222222222 0.08541666666666667 0.4652777777777778
9 0.8067708333333333 0.2621527777777778 0.017708333333333333 0.09375
9 0.7765625 0.2890625 0.028125 0.109375
