4 0.15520833333333334 0.4479166666666667 0.30833333333333335 0.8854166666666666
4 0.8914385416666666 0.3714074652777778 0.21875 0.3038194444444444
5 0.2265625 0.7795138888888888 0.2552083333333333 0.4444444444444444
5 0.6050905208333333 0.602709375 0.22999541666666667 0.15328472222222222
5 0.8552083333333333 0.6779513888888888 0.23125 0.1684027777777778
3 0.3718065625 0.5352354166666666 0.07291666666666667 0.08159722222222222
3 0.9639864583333334 0.7179072916666667 0.071875 0.3836805555555556
3 0.4553261458333333 0.5497960069444444 0.08229166666666667 0.1545138888888889
1 0.8709853645833333 0.8665602430555555 0.25083635416666666 0.2673611111111111
8 0.4672939583333333 0.7874024305555555 0.328125 0.4253472222222222
8 0.7438830208333334 0.8514230902777777 0.23020833333333332 0.3003472222222222
6 0.6604166666666667 0.2916666666666667 0.68125 0.5729166666666666
9 0.06510416666666667 0.4357638888888889 0.06770833333333333 0.2673611111111111
