0 0.33229166666666665 0.5989583333333334 0.14583333333333334 0.2326388888888889
0 0.6828125 0.5815972222222222 0.146875 0.1597222222222222
3 0.5713541666666667 0.5564236111111112 0.030208333333333334 0.14756944444444445
3 0.5260416666666666 0.5564236111111112 0.0375 0.140625
3 0.4427083333333333 0.5295138888888888 0.06875 0.06944444444444445
5 0.7927083333333333 0.6163194444444444 0.125 0.07291666666666667
5 0.146875 0.6180555555555556 0.2833333333333333 0.2326388888888889
6 0.5020833333333333 0.2612847222222222 0.9979166666666667 0.5086805555555556
6 0.9197916666666667 0.5416666666666666 0.1625 0.2048611111111111
8 0.5036458333333333 0.8967013888888888 0.9947916666666666 0.21006944444444445
8 0.5036458333333333 0.6770833333333334 0.190625 0.2152777777777778
8 0.8052083333333333 0.7326388888888888 0.39166666666666666 0.11805555555555555
