4 0.22864583333333333 0.3133680555555556 0.33645833333333336 0.3871527777777778
4 0.5011920833333333 0.3708719618055556 0.16770833333333332 0.2567901041666667
4 0.8765625 0.2534722222222222 0.24895833333333334 0.2986111111111111
5 0.91875 0.4791666666666667 0.16458333333333333 0.2708333333333333
5 0.22135416666666666 0.5842013888888888 0.090625 0.057291666666666664
5 0.3162268229166667 0.5504822916666667 0.17555552083333334 0.10243055555555555
5 0.3171875 0.4756944444444444 0.08645833333333333 0.1111111111111111
0 0.7609375 0.5338541666666666 0.16354166666666667 0.2170138888888889
0 0.07395833333333333 0.5338541666666666 0.14583333333333334 0.14756944444444445
0 0.6365045833333334 0.4930555555555556 0.029166666666666667 0.052083333333333336
3 0.7620602083333333 0.53705625 0.058333333333333334 0.2482638888888889
3 0.6213194791666666 0.4828703125 0.058333333333333334 0.06597222222222222
3 0.2640046354166667 0.5524883680555556 0.04888885416666667 0.1996527777777778
3 0.4877083333333333 0.5112847222222222 0.04 0.11284722222222222
3 0.44234958333333335 0.5288966145833334 0.040625 0.14814809027777776
1 0.4885185416666667 0.5982447048611111 0.05416666666666667 0.12303246527777777
8 0.5005208333333333 0.8038194444444444 0.9989583333333333 0.3784722222222222
7 0.2153935416666667 0.45779322916666665 0.125 0.11458333333333333
6 0.029166666666666667 0.25 0.05 0.4826388888888889
6 0.20729166666666668 0.11197916666666667 0.2916666666666667 0.2065972222222222
6 0.3927083333333333 0.1953125 0.38333333333333336 0.3871527777777778
6 0.7302083333333333 0.20399305555555555 0.05625 0.3975694444444444
6 0.6453125 0.2482638888888889 0.10729166666666666 0.4027777777777778
6 0.8776041666666666 0.09461805555555555 0.24479166666666666 0.18229166666666666
6 0.9583333333333334 0.3003472222222222 0.08541666666666667 0.4652777777777778
9 0.8067708333333333 0.2621527777777778 0.017708333333333333 0.09375
9 0.7765625 0.2890625 0.028125 0.109375
