0 0.5885416666666666 0.5451388888888888 0.0625 0.07291666666666667
1 0.625 0.8046875 0.17708333333333334 0.390625
3 0.31875 0.6128472222222222 0.075 0.2847222222222222
3 0.5046875 0.5668402777777778 0.046875 0.1892361111111111
4 0.37864583333333335 0.4331597222222222 0.4947916666666667 0.3211805555555556
4 0.7703125 0.1684027777777778 0.14270833333333333 0.23958333333333334
5 0.3802083333333333 0.5946180555555556 0.0625 0.05381944444444445
5 0.20104166666666667 0.5269097222222222 0.0875 0.050347222222222224
5 0.8479166666666667 0.6727430555555556 0.30625 0.2170138888888889
5 0.8901041666666667 0.8940972222222222 0.221875 0.2152777777777778
5 0.4510416666666667 0.5034722222222222 0.0625 0.1701388888888889
5 0.5338541666666666 0.5737847222222222 0.03229166666666667 0.022569444444444444
6 0.35 0.1909722222222222 0.6916666666666667 0.375
6 0.11927083333333334 0.4739583333333333 0.23020833333333332 0.16319444444444445
6 0.044270833333333336 0.6302083333333334 0.07395833333333333 0.1076388888888889
7 0.5822916666666667 0.4166666666666667 0.0875 0.04861111111111111
8 0.3875 0.8576388888888888 0.7708333333333334 0.2881944444444444
8 0.5182291666666666 0.6501736111111112 0.33645833333333336 0.1267361111111111
9 0.35104166666666664 0.5052083333333334 0.0625 0.0763888888888889
