4 0.2203125 0.3237847222222222 0.3260416666666667 0.390625
4 0.5026041666666666 0.3611111111111111 0.14895833333333333 0.2604166666666667
4 0.8661458333333333 0.2881944444444444 0.26979166666666665 0.3020833333333333
5 0.321875 0.5625 0.2791666666666667 0.10069444444444445
5 0.3375 0.5121527777777778 0.1125 0.1527777777777778
5 0.9182291666666667 0.4652777777777778 0.165625 0.23958333333333334
0 0.7619791666666667 0.5347222222222222 0.16145833333333334 0.21875
0 0.6421875 0.4973958333333333 0.034375 0.03993055555555555
3 0.057291666666666664 0.5677083333333334 0.05416666666666667 0.2222222222222222
3 0.07083333333333333 0.5425347222222222 0.04375 0.21354166666666666
3 0.10520833333333333 0.5407986111111112 0.04583333333333333 0.2170138888888889
3 0.46927083333333336 0.5243055555555556 0.040625 0.16319444444444445
3 0.50625 0.5321180555555556 0.04375 0.1579861111111111
3 0.5510416666666667 0.5078125 0.04583333333333333 0.13020833333333334
3 0.6015625 0.5190972222222222 0.04895833333333333 0.1527777777777778
3 0.8557291666666667 0.5338541666666666 0.071875 0.2517361111111111
3 0.6328125 0.4930555555555556 0.034375 0.0763888888888889
1 0.6026041666666667 0.578125 0.04479166666666667 0.11805555555555555
8 0.49947916666666664 0.8020833333333334 0.996875 0.3993055555555556
8 0.5510416666666667 0.5486111111111112 0.25625 0.09375
7 0.21354166666666666 0.4592013888888889 0.1 0.11631944444444445
6 0.5010416666666667 0.24479166666666666 1.0 0.4791666666666667
9 0.7817708333333333 0.2829861111111111 0.06145833333333333 0.125
