0 0.33697916666666666 0.5980902777777778 0.14895833333333333 0.2204861111111111
0 0.6817708333333333 0.5833333333333334 0.14895833333333333 0.14930555555555555
3 0.4947916666666667 0.5546875 0.058333333333333334 0.11631944444444445
3 0.4270833333333333 0.5303819444444444 0.0375 0.019097222222222224
3 0.9432291666666667 0.6762152777777778 0.115625 0.515625
5 0.14010416666666667 0.6206597222222222 0.2760416666666667 0.2725694444444444
5 0.79375 0.6180555555555556 0.11875 0.0625
5 0.5546875 0.5538194444444444 0.06979166666666667 0.052083333333333336
6 0.5010416666666667 0.2465277777777778 1.0 0.4756944444444444
6 0.8661458333333333 0.5442708333333334 0.04479166666666667 0.1684027777777778
8 0.503125 0.8993055555555556 0.9958333333333333 0.2048611111111111
8 0.6614583333333334 0.7369791666666666 0.6645833333333333 0.08506944444444445
8 0.5151041666666667 0.6215277777777778 0.20104166666666667 0.11458333333333333
