2 0.5041666666666667 0.6388888888888888 0.10625 0.1736111111111111
4 0.159375 0.4453125 0.31666666666666665 0.8802083333333334
4 0.8890625 0.3993055555555556 0.20729166666666668 0.3125
5 0.825 0.6987847222222222 0.35208333333333336 0.1857638888888889
5 0.4427083333333333 0.546875 0.07708333333333334 0.05555555555555555
3 0.36822916666666666 0.5425347222222222 0.034375 0.08506944444444445
3 0.3958333333333333 0.5477430555555556 0.03333333333333333 0.0920138888888889
3 0.46875 0.5529513888888888 0.04791666666666667 0.140625
3 0.5088541666666667 0.6085069444444444 0.090625 0.2586805555555556
3 0.6192708333333333 0.6119791666666666 0.08020833333333334 0.3038194444444444
3 0.73125 0.6475694444444444 0.08333333333333333 0.3055555555555556
8 0.46510416666666665 0.765625 0.2864583333333333 0.4652777777777778
8 0.8083333333333333 0.8446180555555556 0.3854166666666667 0.3142361111111111
6 0.6479166666666667 0.2977430555555556 0.70625 0.5920138888888888
9 0.06822916666666666 0.4340277777777778 0.06354166666666666 0.2604166666666667
