4 0.15364583333333334 0.4557291666666667 0.30520833333333336 0.9045138888888888
4 0.9037560416666667 0.3472222222222222 0.19375 0.3055555555555556
5 0.22864583333333333 0.7760416666666666 0.24270833333333333 0.4513888888888889
5 0.9567214583333333 0.6931519097222222 0.0875 0.19791666666666666
5 0.6859375 0.6458333333333334 0.084375 0.08333333333333333
3 0.38667125 0.5335119791666667 0.07708333333333334 0.0642361111111111
3 0.5844966666666667 0.6466760416666667 0.13333333333333333 0.3385416666666667
3 0.875323125 0.7076110243055556 0.128125 0.5882501736111112
3 0.95067671875 0.6890840277777778 0.10072989583333333 0.5693430555555555
3 0.43697916666666664 0.5364583333333334 0.04479166666666667 0.0798611111111111
1 0.5793757291666667 0.7762064236111111 0.15520833333333334 0.25696979166666667
8 0.49947916666666664 0.7699652777777778 0.3572916666666667 0.4635416666666667
8 0.8447916666666667 0.8541666666666666 0.3125 0.2951388888888889
6 0.6520833333333333 0.2864583333333333 0.6916666666666667 0.5520833333333334
9 0.06875 0.4288194444444444 0.075 0.2673611111111111
