0 0.3307291666666667 0.5998263888888888 0.17395833333333333 0.2586805555555556
0 0.6739583333333333 0.5598958333333334 0.13333333333333333 0.1371527777777778
0 0.8265625 0.6770833333333334 0.340625 0.3506944444444444
3 0.47708333333333336 0.5598958333333334 0.04583333333333333 0.1267361111111111
3 0.559375 0.6284722222222222 0.07708333333333334 0.34375
4 0.06302083333333333 0.359375 0.121875 0.2534722222222222
5 0.1484375 0.6336805555555556 0.29270833333333335 0.24305555555555555
6 0.15625 0.2621527777777778 0.16875 0.5173611111111112
6 0.5828125 0.3177083333333333 0.21770833333333334 0.3576388888888889
6 0.8130208333333333 0.2526041666666667 0.37604166666666666 0.484375
6 0.37083333333333335 0.2777777777777778 0.23541666666666666 0.4027777777777778
8 0.5041666666666667 0.9010416666666666 0.99375 0.2013888888888889
8 0.5270833333333333 0.6770833333333334 0.23958333333333334 0.21180555555555555
