0 0.3375 0.5946180555555556 0.14791666666666667 0.2204861111111111
0 0.6807291666666667 0.5720486111111112 0.14479166666666668 0.140625
0 0.44635416666666666 0.546875 0.05520833333333333 0.06944444444444445
3 0.5135416666666667 0.6154513888888888 0.05625 0.2899305555555556
3 0.5546875 0.5477430555555556 0.05520833333333333 0.16145833333333334
3 0.790625 0.625 0.041666666666666664 0.1423611111111111
5 0.1453125 0.6310763888888888 0.28229166666666666 0.2204861111111111
6 0.5015625 0.2586805555555556 0.9989583333333333 0.5
6 0.925 0.5677083333333334 0.15208333333333332 0.18055555555555555
8 0.503125 0.8984375 0.9958333333333333 0.2065972222222222
8 0.5067708333333333 0.6649305555555556 0.203125 0.2326388888888889
8 0.8036458333333333 0.7291666666666666 0.37604166666666666 0.1388888888888889
