0 0.3260416666666667 0.5928819444444444 0.16458333333333333 0.24131944444444445
0 0.6833333333333333 0.5746527777777778 0.14375 0.16666666666666666
3 0.5130208333333334 0.5460069444444444 0.019791666666666666 0.078125
3 0.48385416666666664 0.5442708333333334 0.026041666666666668 0.08159722222222222
3 0.42239583333333336 0.5208333333333334 0.06145833333333333 0.024305555555555556
3 0.79375 0.6197916666666666 0.04375 0.14583333333333334
4 0.06041666666666667 0.3567708333333333 0.11875 0.3038194444444444
5 0.14322916666666666 0.6354166666666666 0.278125 0.21180555555555555
5 0.575 0.5581597222222222 0.03958333333333333 0.0642361111111111
5 0.8598958333333333 0.6310763888888888 0.084375 0.07118055555555555
6 0.13489583333333333 0.2569444444444444 0.134375 0.4930555555555556
6 0.565625 0.3602430555555556 0.11875 0.3802083333333333
6 0.8255208333333334 0.2612847222222222 0.35104166666666664 0.5052083333333334
6 0.86875 0.5555555555555556 0.03958333333333333 0.21180555555555555
6 0.9161458333333333 0.5538194444444444 0.03854166666666667 0.2013888888888889
6 0.9723958333333333 0.5590277777777778 0.057291666666666664 0.19791666666666666
6 0.35208333333333336 0.2534722222222222 0.2791666666666667 0.4722222222222222
8 0.5046875 0.8984375 0.9927083333333333 0.2065972222222222
8 0.5140625 0.703125 0.19270833333333334 0.3125
8 0.8067708333333333 0.8368055555555556 0.37604166666666666 0.3298611111111111
