4 0.22552083333333334 0.3480902777777778 0.3385416666666667 0.3350694444444444
4 0.4973958333333333 0.3619791666666667 0.13645833333333332 0.203125
4 0.8697916666666666 0.2760416666666667 0.24791666666666667 0.21875
5 0.26978406250000003 0.5623352430555556 0.233318125 0.08713506944444444
5 0.3098958333333333 0.5017361111111112 0.059375 0.1597222222222222
5 0.9177083333333333 0.4713541666666667 0.14583333333333334 0.2204861111111111
5 0.45208333333333334 0.5416666666666666 0.1 0.09027777777777778
0 0.071875 0.5321180555555556 0.12708333333333333 0.1232638888888889
0 0.771875 0.5269097222222222 0.16875 0.2065972222222222
3 0.59375 0.5173611111111112 0.04583333333333333 0.1423611111111111
3 0.646875 0.5072359375 0.04791666666666667 0.11805555555555555
3 0.8630208333333333 0.5355902777777778 0.06354166666666666 0.2586805555555556
3 0.492050625 0.5093649305555555 0.04479166666666667 0.13541666666666666
3 0.38079375 0.5260416666666666 0.0625 0.19791666666666666
3 0.5495057291666666 0.5039854166666667 0.04583333333333333 0.140625
1 0.5903588541666667 0.5629751736111112 0.08958333333333333 0.1232638888888889
8 0.5015625 0.8133680555555556 0.9989583333333333 0.3767361111111111
8 0.5515625 0.5503472222222222 0.25104166666666666 0.13194444444444445
7 0.21875 0.4557291666666667 0.1375 0.11631944444444445
6 0.5026041666666666 0.21006944444444445 0.996875 0.4166666666666667
6 0.4234375 0.2699652777777778 0.13229166666666667 0.5364583333333334
