0 0.3375 0.5980902777777778 0.15 0.2309027777777778
0 0.6822916666666666 0.5772569444444444 0.1625 0.16145833333333334
2 0.5666666666666667 0.609375 0.05625 0.12152777777777778
3 0.5645833333333333 0.5338541666666666 0.04583333333333333 0.109375
3 0.9046875 0.5954861111111112 0.04895833333333333 0.19791666666666666
3 0.4192708333333333 0.5217013888888888 0.051041666666666666 0.043402777777777776
5 0.5026041666666666 0.5529513888888888 0.06354166666666666 0.03993055555555555
5 0.1515625 0.6015625 0.30104166666666665 0.2621527777777778
5 0.7942708333333334 0.6102430555555556 0.11770833333333333 0.06076388888888889
6 0.5010416666666667 0.2864583333333333 1.0 0.5659722222222222
6 0.9234375 0.5616319444444444 0.15520833333333334 0.2065972222222222
8 0.5005208333333333 0.8967013888888888 1.0 0.21006944444444445
8 0.696875 0.7256944444444444 0.6083333333333333 0.1076388888888889
8 0.4901041666666667 0.6085069444444444 0.165625 0.10243055555555555
