4 0.153125 0.4340277777777778 0.30416666666666664 0.8472222222222222
4 0.8895833333333333 0.3758680555555556 0.22291666666666668 0.3211805555555556
5 0.8442708333333333 0.6640625 0.31354166666666666 0.2309027777777778
5 0.515625 0.5798611111111112 0.13958333333333334 0.1111111111111111
5 0.23333333333333334 0.7829861111111112 0.25625 0.4375
3 0.3651041666666667 0.5329861111111112 0.059375 0.08333333333333333
3 0.428125 0.5416666666666666 0.03333333333333333 0.0798611111111111
3 0.6260416666666667 0.6458333333333334 0.0875 0.3333333333333333
8 0.46770833333333334 0.7847222222222222 0.29583333333333334 0.4340277777777778
8 0.8052083333333333 0.8446180555555556 0.39166666666666666 0.3142361111111111
6 0.6588541666666666 0.2760416666666667 0.684375 0.5347222222222222
9 0.06979166666666667 0.4322916666666667 0.07083333333333333 0.2638888888888889
