0 0.3359375 0.5989583333333334 0.153125 0.21875
0 0.6802083333333333 0.5729166666666666 0.15625 0.1527777777777778
3 0.4869791666666667 0.5538194444444444 0.05520833333333333 0.11805555555555555
3 0.42864583333333334 0.5295138888888888 0.03854166666666667 0.05555555555555555
3 0.959375 0.6961805555555556 0.08333333333333333 0.5555555555555556
5 0.1421875 0.6137152777777778 0.28020833333333334 0.2725694444444444
5 0.7953125 0.6111111111111112 0.12604166666666666 0.052083333333333336
5 0.5557291666666667 0.5642361111111112 0.06979166666666667 0.041666666666666664
6 0.5015625 0.2586805555555556 0.9989583333333333 0.5069444444444444
6 0.8921875 0.546875 0.08645833333333333 0.1909722222222222
8 0.503125 0.8949652777777778 0.9958333333333333 0.21354166666666666
8 0.6421875 0.7230902777777778 0.5989583333333334 0.0920138888888889
8 0.5130208333333334 0.6111111111111112 0.19270833333333334 0.1111111111111111
