2 0.37604166666666666 0.5711805555555556 0.05 0.06944444444444445
4 0.159375 0.4166666666666667 0.31666666666666665 0.8125
4 0.8895833333333333 0.3758680555555556 0.22291666666666668 0.3211805555555556
5 0.22447916666666667 0.7786458333333334 0.234375 0.4461805555555556
5 0.8682291666666667 0.7092013888888888 0.265625 0.2065972222222222
5 0.5661458333333333 0.6041666666666666 0.040625 0.08333333333333333
3 0.4375 0.5407986111111112 0.04583333333333333 0.08159722222222222
3 0.36822916666666666 0.5407986111111112 0.051041666666666666 0.08854166666666667
3 0.5192708333333333 0.59375 0.06354166666666666 0.2361111111111111
3 0.625 0.6232638888888888 0.07708333333333334 0.2881944444444444
3 0.7052083333333333 0.6171875 0.0625 0.2552083333333333
8 0.4635416666666667 0.7708333333333334 0.26875 0.4618055555555556
8 0.8026041666666667 0.8359375 0.396875 0.3315972222222222
6 0.6557291666666667 0.2829861111111111 0.690625 0.5555555555555556
9 0.06979166666666667 0.4314236111111111 0.08541666666666667 0.2725694444444444
