0 0.3380208333333333 0.5920138888888888 0.14895833333333333 0.2152777777777778
0 0.6833333333333333 0.5755208333333334 0.14583333333333334 0.1440972222222222
3 0.490625 0.5460069444444444 0.01875 0.10243055555555555
3 0.46197916666666666 0.5451388888888888 0.030208333333333334 0.09027777777777778
3 0.7901041666666667 0.6189236111111112 0.040625 0.15104166666666666
3 0.5984375 0.546875 0.017708333333333333 0.034722222222222224
5 0.1421875 0.6067708333333334 0.284375 0.234375
5 0.5552083333333333 0.5651041666666666 0.05416666666666667 0.03298611111111111
5 0.8369791666666667 0.6102430555555556 0.04895833333333333 0.050347222222222224
5 0.7505208333333333 0.6119791666666666 0.03854166666666667 0.06076388888888889
6 0.11197916666666667 0.24739583333333334 0.21354166666666666 0.4774305555555556
6 0.6135416666666667 0.24913194444444445 0.775 0.4739583333333333
6 0.8692708333333333 0.5503472222222222 0.03854166666666667 0.18055555555555555
6 0.9223958333333333 0.5512152777777778 0.046875 0.18229166666666666
6 0.9770833333333333 0.5581597222222222 0.04791666666666667 0.2065972222222222
8 0.5078125 0.9071180555555556 0.9864583333333333 0.1892361111111111
8 0.6942708333333333 0.7395833333333334 0.6010416666666667 0.1111111111111111
8 0.5145833333333333 0.6050347222222222 0.19166666666666668 0.11284722222222222
