0 0.33645833333333336 0.5911458333333334 0.15 0.21006944444444445
0 0.6838541666666667 0.5789930555555556 0.15729166666666666 0.16493055555555555
3 0.4296875 0.5225694444444444 0.04895833333333333 0.041666666666666664
5 0.14583333333333334 0.6085069444444444 0.28125 0.2621527777777778
5 0.5322916666666667 0.5538194444444444 0.1 0.04513888888888889
5 0.7895833333333333 0.6067708333333334 0.11875 0.057291666666666664
6 0.5010416666666667 0.24305555555555555 1.0 0.4618055555555556
6 0.91875 0.5286458333333334 0.16458333333333333 0.14756944444444445
8 0.5041666666666667 0.8914930555555556 0.99375 0.2204861111111111
8 0.6682291666666667 0.7282986111111112 0.6447916666666667 0.08159722222222222
8 0.5114583333333333 0.6111111111111112 0.20625 0.1284722222222222
