0 0.3385416666666667 0.5963541666666666 0.14583333333333334 0.22395833333333334
0 0.684375 0.5815972222222222 0.16041666666666668 0.1597222222222222
1 0.4953125 0.5972222222222222 0.021875 0.06597222222222222
3 0.42552083333333335 0.5364583333333334 0.05520833333333333 0.04861111111111111
3 0.48125 0.5694444444444444 0.058333333333333334 0.14583333333333334
3 0.9052083333333333 0.6024305555555556 0.05416666666666667 0.21180555555555555
3 0.9630208333333333 0.6822916666666666 0.07604166666666666 0.4722222222222222
5 0.14583333333333334 0.5989583333333334 0.2916666666666667 0.2777777777777778
5 0.7911458333333333 0.6085069444444444 0.109375 0.057291666666666664
5 0.5578125 0.5685763888888888 0.08020833333333334 0.03298611111111111
6 0.5015625 0.3046875 0.9989583333333333 0.5989583333333334
8 0.5005208333333333 0.8932291666666666 1.0 0.2170138888888889
8 0.6822916666666666 0.7178819444444444 0.5791666666666667 0.11631944444444445
8 0.5104166666666666 0.6032986111111112 0.1875 0.0920138888888889
