4 0.15364583333333334 0.4557291666666667 0.30520833333333336 0.9045138888888888
4 0.9037560416666667 0.3472222222222222 0.19375 0.3055555555555556
5 0.22864583333333333 0.7760416666666666 0.24270833333333333 0.4513888888888889
5 0.6041666666666666 0.6032986111111112 0.23125 0.15104166666666666
5 0.8695179166666667 0.6834194444444445 0.2625 0.19791666666666666
3 0.38823375000000004 0.5335119791666667 0.08020833333333334 0.0642361111111111
3 0.5152752604166667 0.7052855902777778 0.2576642708333333 0.5920138888888888
3 0.5846296875 0.5486111111111112 0.078125 0.16319444444444445
3 0.6582915625 0.5513482638888889 0.08020833333333334 0.17708333333333334
1 0.47749770833333327 0.8194444444444444 0.48867854166666663 0.3645833333333333
8 0.49947916666666664 0.7699652777777778 0.3572916666666667 0.4635416666666667
8 0.8447916666666667 0.8541666666666666 0.3125 0.2951388888888889
6 0.6520833333333333 0.2864583333333333 0.6916666666666667 0.5520833333333334
9 0.06875 0.4288194444444444 0.075 0.2673611111111111
