3 0.35520833333333335 0.5416666666666666 0.03125 0.06944444444444445
3 0.3921875 0.5407986111111112 0.023958333333333335 0.06770833333333333
3 0.4765625 0.5694444444444444 0.036458333333333336 0.13541666666666666
3 0.5145833333333333 0.5694444444444444 0.035416666666666666 0.12152777777777778
4 0.14583333333333334 0.4305555555555556 0.2916666666666667 0.84375
4 0.8973958333333333 0.3220486111111111 0.20729166666666668 0.2725694444444444
5 0.2359375 0.8072916666666666 0.23645833333333333 0.3888888888888889
5 0.8739583333333333 0.7109375 0.25416666666666665 0.17881944444444445
5 0.6510416666666666 0.6267361111111112 0.15625 0.11458333333333333
6 0.6515625 0.3038194444444444 0.6989583333333333 0.5902777777777778
8 0.49270833333333336 0.7673611111111112 0.32708333333333334 0.46875
8 0.6557291666666667 0.8524305555555556 0.690625 0.2986111111111111
9 0.06770833333333333 0.4435763888888889 0.058333333333333334 0.2621527777777778
