0 0.334375 0.5963541666666666 0.14583333333333334 0.22395833333333334
0 0.68125 0.5694444444444444 0.13958333333333334 0.14930555555555555
3 0.465625 0.5494791666666666 0.04583333333333333 0.11631944444444445
3 0.7005208333333334 0.6328125 0.07395833333333333 0.3454861111111111
3 0.7885416666666667 0.6197916666666666 0.03958333333333333 0.16319444444444445
3 0.9390625 0.71875 0.12395833333333334 0.5659722222222222
5 0.14791666666666667 0.5694444444444444 0.29583333333333334 0.3194444444444444
5 0.5463541666666667 0.5590277777777778 0.08020833333333334 0.04513888888888889
6 0.10833333333333334 0.2734375 0.20833333333333334 0.5295138888888888
6 0.6114583333333333 0.24305555555555555 0.7791666666666667 0.46875
8 0.5041666666666667 0.8984375 0.99375 0.2065972222222222
8 0.534375 0.6909722222222222 0.23958333333333334 0.2152777777777778
8 0.7697916666666667 0.7213541666666666 0.19791666666666666 0.11284722222222222
