0 0.33645833333333336 0.5954861111111112 0.15625 0.22569444444444445
0 0.6807291666666667 0.5763888888888888 0.15104166666666666 0.1701388888888889
3 0.5276041666666667 0.5477430555555556 0.042708333333333334 0.08854166666666667
3 0.4630208333333333 0.5503472222222222 0.07395833333333333 0.11805555555555555
5 0.14947916666666666 0.6171875 0.290625 0.22743055555555555
5 0.7916666666666666 0.6154513888888888 0.1125 0.06770833333333333
6 0.5010416666666667 0.2534722222222222 1.0 0.4965277777777778
6 0.9192708333333334 0.5451388888888888 0.16354166666666667 0.2048611111111111
8 0.5046875 0.9001736111111112 0.9927083333333333 0.203125
8 0.6557291666666667 0.7256944444444444 0.6697916666666667 0.11805555555555555
8 0.5109375 0.6111111111111112 0.18229166666666666 0.10069444444444445
