0 0.3307291666666667 0.5954861111111112 0.153125 0.2222222222222222
0 0.534375 0.5807291666666666 0.12708333333333333 0.1371527777777778
0 0.6796875 0.5737847222222222 0.13854166666666667 0.14756944444444445
3 0.4432291666666667 0.6041666666666666 0.07604166666666666 0.21875
3 0.79375 0.6241319444444444 0.04375 0.16145833333333334
5 0.14114583333333333 0.6197916666666666 0.28020833333333334 0.2465277777777778
6 0.5015625 0.24479166666666666 0.9989583333333333 0.4791666666666667
6 0.9276041666666667 0.5243055555555556 0.146875 0.1527777777777778
8 0.5015625 0.9010416666666666 0.9989583333333333 0.2013888888888889
8 0.6963541666666667 0.7378472222222222 0.603125 0.125
