0 0.334375 0.5911458333333334 0.14791666666666667 0.21006944444444445
0 0.6828125 0.5746527777777778 0.15104166666666666 0.14930555555555555
3 0.44895833333333335 0.5503472222222222 0.025 0.1111111111111111
3 0.5041666666666667 0.5477430555555556 0.0375 0.0954861111111111
3 0.7916666666666666 0.6180555555555556 0.03125 0.1423611111111111
5 0.1421875 0.6050347222222222 0.28020833333333334 0.2621527777777778
5 0.5588541666666667 0.5607638888888888 0.05520833333333333 0.024305555555555556
6 0.5010416666666667 0.2456597222222222 1.0 0.4739583333333333
6 0.86875 0.5460069444444444 0.04583333333333333 0.1579861111111111
6 0.9197916666666667 0.5529513888888888 0.04791666666666667 0.16493055555555555
6 0.9786458333333333 0.5685763888888888 0.04479166666666667 0.19618055555555555
6 0.7197916666666667 0.4704861111111111 0.10625 0.10069444444444445
6 0.5447916666666667 0.3741319444444444 0.13541666666666666 0.3385416666666667
8 0.503125 0.9045138888888888 0.9958333333333333 0.19444444444444445
8 0.5177083333333333 0.6883680555555556 0.18541666666666667 0.2204861111111111
8 0.8072916666666666 0.734375 0.37916666666666665 0.14583333333333334
