0 0.340625 0.5946180555555556 0.14583333333333334 0.22743055555555555
0 0.684375 0.5729166666666666 0.14791666666666667 0.14583333333333334
3 0.46927083333333336 0.5399305555555556 0.09895833333333333 0.07291666666666667
5 0.146875 0.6241319444444444 0.28125 0.234375
5 0.5609375 0.5677083333333334 0.06354166666666666 0.03125
6 0.5 0.2638888888888889 1.0 0.5069444444444444
6 0.9239583333333333 0.5364583333333334 0.15416666666666667 0.19444444444444445
8 0.5041666666666667 0.8932291666666666 0.99375 0.2170138888888889
8 0.5072916666666667 0.6753472222222222 0.1875 0.1909722222222222
8 0.80625 0.7204861111111112 0.38958333333333334 0.11805555555555555
