2 0.6390625 0.6953125 0.078125 0.265625
3 0.38385416666666666 0.5381944444444444 0.084375 0.059027777777777776
3 0.40208333333333335 0.5590277777777778 0.04791666666666667 0.1388888888888889
3 0.5578125 0.6050347222222222 0.065625 0.2690972222222222
3 0.6494791666666667 0.6597222222222222 0.09895833333333333 0.3611111111111111
3 0.8151041666666666 0.6727430555555556 0.08020833333333334 0.3871527777777778
4 0.1484375 0.4288194444444444 0.2947916666666667 0.8402777777777778
4 0.8885416666666667 0.3428819444444444 0.225 0.3142361111111111
5 0.23541666666666666 0.7664930555555556 0.23541666666666666 0.4704861111111111
5 0.8432291666666667 0.6953125 0.315625 0.2309027777777778
5 0.4895833333333333 0.5842013888888888 0.10416666666666667 0.0920138888888889
6 0.6520833333333333 0.2708333333333333 0.6979166666666666 0.5243055555555556
8 0.453125 0.7690972222222222 0.31666666666666665 0.4375
8 0.8083333333333333 0.8151041666666666 0.3854166666666667 0.3732638888888889
9 0.08697916666666666 0.4409722222222222 0.096875 0.2777777777777778
