2 0.3953125 0.6024305555555556 0.040625 0.09027777777777778
4 0.15677083333333333 0.453125 0.31145833333333334 0.8888888888888888
4 0.890625 0.3532986111111111 0.22083333333333333 0.3559027777777778
5 0.23125 0.7847222222222222 0.2520833333333333 0.4340277777777778
5 0.7973958333333333 0.6553819444444444 0.121875 0.21006944444444445
5 0.9760416666666667 0.6875 0.05 0.25
5 0.5484375 0.5972222222222222 0.09270833333333334 0.10416666666666667
5 0.4552083333333333 0.5633680555555556 0.06666666666666667 0.050347222222222224
3 0.8947916666666667 0.6987847222222222 0.15208333333333332 0.4913194444444444
3 0.7114583333333333 0.6319444444444444 0.06041666666666667 0.2847222222222222
3 0.6296875 0.6119791666666666 0.07395833333333333 0.3211805555555556
3 0.3645833333333333 0.5416666666666666 0.0375 0.09027777777777778
3 0.4046875 0.5503472222222222 0.053125 0.11805555555555555
8 0.47760416666666666 0.7638888888888888 0.31145833333333334 0.4548611111111111
8 0.8208333333333333 0.8394097222222222 0.36041666666666666 0.3211805555555556
6 0.6453125 0.2786458333333333 0.7114583333333333 0.5538194444444444
9 0.07239583333333334 0.4322916666666667 0.06979166666666667 0.2986111111111111
