2 0.5214415625000001 0.6102684027777777 0.04791666666666667 0.07465277777777778
4 0.34322916666666664 0.4826388888888889 0.13229166666666667 0.21875
4 0.5373897916666667 0.4177184027777778 0.18854166666666666 0.2361111111111111
4 0.7583333333333333 0.1545138888888889 0.10625 0.21180555555555555
5 0.8078125 0.4201388888888889 0.38645833333333335 0.3090277777777778
5 0.8479166666666667 0.6753472222222222 0.30625 0.17708333333333334
5 0.890625 0.8888888888888888 0.22083333333333333 0.22569444444444445
5 0.24410734375 0.5430986979166668 0.3547444791666667 0.10218975694444445
5 0.47760416666666666 0.4696180555555556 0.121875 0.1753472222222222
0 0.5881348958333333 0.5432697048611111 0.06376979166666667 0.07265052083333333
3 0.5213389583333333 0.552634548611111 0.04479166666666667 0.08159722222222222
1 0.6177083333333333 0.7816365451388889 0.19166666666666668 0.40894913194444443
8 0.365625 0.8567708333333334 0.7270833333333333 0.2899305555555556
8 0.5364583333333334 0.6345486111111112 0.2625 0.1545138888888889
6 0.1375 0.2881944444444444 0.27291666666666664 0.5520833333333334
6 0.6416666666666667 0.1892361111111111 0.71875 0.3611111111111111
9 0.35052083333333334 0.4982638888888889 0.065625 0.06944444444444445
9 0.7354166666666667 0.1892361111111111 0.0375 0.09027777777777778
