0 0.33229166666666665 0.5989583333333334 0.14375 0.21875
0 0.6807291666666667 0.5807291666666666 0.15729166666666666 0.1579861111111111
3 0.46145833333333336 0.5416666666666666 0.08333333333333333 0.06944444444444445
3 0.7885416666666667 0.5998263888888888 0.05 0.2065972222222222
5 0.5463541666666667 0.5581597222222222 0.084375 0.05381944444444445
5 0.1453125 0.6163194444444444 0.2947916666666667 0.22916666666666666
6 0.5010416666666667 0.2560763888888889 1.0 0.5017361111111112
6 0.9302083333333333 0.5329861111111112 0.14166666666666666 0.1875
8 0.5052083333333334 0.890625 0.9916666666666667 0.2222222222222222
8 0.5072916666666667 0.6675347222222222 0.17916666666666667 0.203125
8 0.803125 0.7265625 0.3958333333333333 0.10243055555555555
