0 0.3229166666666667 0.5894097222222222 0.14375 0.22395833333333334
0 0.65625 0.5651041666666666 0.09791666666666667 0.140625
3 0.453125 0.6657986111111112 0.11875 0.4704861111111111
3 0.5380208333333333 0.6493055555555556 0.08229166666666667 0.4340277777777778
3 0.8364583333333333 0.6493055555555556 0.07708333333333334 0.4097222222222222
3 0.7520833333333333 0.6614583333333334 0.14583333333333334 0.5902777777777778
4 0.057291666666666664 0.3515625 0.1 0.2690972222222222
5 0.14270833333333333 0.6336805555555556 0.2708333333333333 0.21875
5 0.8958333333333334 0.6605902777777778 0.06875 0.057291666666666664
6 0.1453125 0.2708333333333333 0.196875 0.5069444444444444
6 0.8291666666666667 0.22916666666666666 0.34375 0.4409722222222222
6 0.9364583333333333 0.5460069444444444 0.12916666666666668 0.2621527777777778
6 0.45677083333333335 0.21875 0.40729166666666666 0.40625
8 0.5005208333333333 0.9097222222222222 1.0 0.1840277777777778
8 0.6348958333333333 0.7005208333333334 0.12395833333333334 0.1892361111111111
