0 0.3390625 0.5980902777777778 0.15729166666666666 0.22395833333333334
0 0.6885416666666667 0.5789930555555556 0.15 0.15104166666666666
3 0.6317708333333333 0.5763888888888888 0.057291666666666664 0.18055555555555555
3 0.5645833333333333 0.5616319444444444 0.041666666666666664 0.1996527777777778
3 0.4348958333333333 0.5364583333333334 0.046875 0.05555555555555555
5 0.1515625 0.6501736111111112 0.296875 0.2170138888888889
5 0.7890625 0.6171875 0.12395833333333334 0.05381944444444445
6 0.5036458333333333 0.2569444444444444 0.9947916666666666 0.5069444444444444
6 0.9177083333333333 0.5338541666666666 0.16666666666666666 0.24131944444444445
8 0.5041666666666667 0.8967013888888888 0.99375 0.21006944444444445
8 0.6885416666666667 0.7213541666666666 0.6208333333333333 0.109375
8 0.4796875 0.6050347222222222 0.115625 0.0920138888888889
