0 0.3333333333333333 0.5980902777777778 0.15416666666666667 0.2378472222222222
0 0.6854166666666667 0.5720486111111112 0.13958333333333334 0.1371527777777778
1 0.4359375 0.5260416666666666 0.026041666666666668 0.04513888888888889
3 0.48854166666666665 0.5390625 0.035416666666666666 0.08854166666666667
3 0.42291666666666666 0.5243055555555556 0.05625 0.04513888888888889
3 0.7848958333333333 0.6111111111111112 0.03854166666666667 0.13541666666666666
4 0.05572916666666667 0.3506944444444444 0.10104166666666667 0.2569444444444444
5 0.14583333333333334 0.6128472222222222 0.27708333333333335 0.2222222222222222
5 0.8536458333333333 0.6145833333333334 0.051041666666666666 0.06597222222222222
5 0.746875 0.5980902777777778 0.025 0.043402777777777776
5 0.5703125 0.5598958333333334 0.034375 0.06076388888888889
6 0.1375 0.2569444444444444 0.16875 0.4895833333333333
6 0.8234375 0.2604166666666667 0.35520833333333335 0.5034722222222222
6 0.8692708333333333 0.5477430555555556 0.040625 0.1996527777777778
6 0.9213541666666667 0.5520833333333334 0.03854166666666667 0.1909722222222222
6 0.9786458333333333 0.5607638888888888 0.04479166666666667 0.20833333333333334
6 0.5697916666666667 0.3541666666666667 0.14791666666666667 0.3263888888888889
6 0.359375 0.24479166666666666 0.2520833333333333 0.4548611111111111
8 0.503125 0.9010416666666666 0.9958333333333333 0.2013888888888889
8 0.5151041666666667 0.6918402777777778 0.19270833333333334 0.2621527777777778
8 0.8119791666666667 0.7899305555555556 0.378125 0.2638888888888889
