0 0.33541666666666664 0.6067708333333334 0.16875 0.2552083333333333
0 0.6729166666666667 0.5460069444444444 0.11458333333333333 0.1232638888888889
0 0.8036458333333333 0.6848958333333334 0.38645833333333335 0.3315972222222222
3 0.47291666666666665 0.5598958333333334 0.0375 0.11631944444444445
3 0.5661458333333333 0.640625 0.06354166666666666 0.375
4 0.058333333333333334 0.3793402777777778 0.11458333333333333 0.2795138888888889
5 0.15052083333333333 0.6458333333333334 0.290625 0.21875
6 0.14322916666666666 0.2664930555555556 0.171875 0.515625
6 0.8244791666666667 0.2508680555555556 0.340625 0.4913194444444444
6 0.5994791666666667 0.3038194444444444 0.228125 0.3611111111111111
6 0.3625 0.2821180555555556 0.23333333333333334 0.4392361111111111
8 0.5026041666666666 0.8984375 0.996875 0.2065972222222222
8 0.5208333333333334 0.7065972222222222 0.18125 0.19791666666666666
