0 0.5927083333333333 0.5451388888888888 0.05416666666666667 0.07291666666666667
1 0.621875 0.8029513888888888 0.175 0.3975694444444444
3 0.43697916666666664 0.5538194444444444 0.030208333333333334 0.10416666666666667
3 0.37604166666666666 0.5833333333333334 0.058333333333333334 0.2013888888888889
4 0.41041666666666665 0.3064236111111111 0.4979166666666667 0.1440972222222222
4 0.35572916666666665 0.4800347222222222 0.128125 0.203125
4 0.5609375 0.4357638888888889 0.17604166666666668 0.2152777777777778
4 0.7583333333333333 0.1875 0.13125 0.20833333333333334
4 0.20364583333333333 0.453125 0.15729166666666666 0.1701388888888889
5 0.8489583333333334 0.7786458333333334 0.30416666666666664 0.4427083333333333
5 0.46875 0.4609375 0.07708333333333334 0.1267361111111111
6 0.14270833333333333 0.2847222222222222 0.275 0.5590277777777778
6 0.8171875 0.2803819444444444 0.3614583333333333 0.5434027777777778
6 0.4640625 0.1892361111111111 0.34479166666666666 0.3611111111111111
7 0.5848958333333333 0.4192708333333333 0.084375 0.03993055555555555
8 0.37864583333333335 0.8689236111111112 0.7489583333333333 0.265625
8 0.5333333333333333 0.6475694444444444 0.3020833333333333 0.1423611111111111
8 0.34791666666666665 0.5017361111111112 0.0625 0.06944444444444445
