0 0.33697916666666666 0.59375 0.14479166666666668 0.2152777777777778
0 0.684375 0.5746527777777778 0.14791666666666667 0.1597222222222222
3 0.5182291666666666 0.5434027777777778 0.06354166666666666 0.1111111111111111
3 0.43697916666666664 0.5234375 0.071875 0.06770833333333333
3 0.9463541666666667 0.6414930555555556 0.07395833333333333 0.3107638888888889
5 0.7921875 0.6206597222222222 0.109375 0.06770833333333333
5 0.5583333333333333 0.5685763888888888 0.06875 0.046875
5 0.15364583333333334 0.6380208333333334 0.29270833333333335 0.2204861111111111
6 0.5015625 0.2569444444444444 0.9989583333333333 0.5
8 0.5020833333333333 0.9001736111111112 0.9979166666666667 0.203125
8 0.5114583333333333 0.6875 0.19166666666666668 0.2048611111111111
8 0.80625 0.7352430555555556 0.38125 0.1267361111111111
