2 0.38229166666666664 0.5720486111111112 0.04375 0.06770833333333333
4 0.15 0.4149305555555556 0.29791666666666666 0.8125
4 0.8921875 0.3524305555555556 0.21145833333333333 0.2743055555555556
5 0.22239583333333332 0.78125 0.234375 0.4409722222222222
5 0.871875 0.6927083333333334 0.25833333333333336 0.1909722222222222
5 0.6791666666666667 0.6553819444444444 0.09166666666666666 0.11284722222222222
5 0.5921875 0.6163194444444444 0.06770833333333333 0.09722222222222222
3 0.428125 0.5477430555555556 0.14791666666666667 0.13020833333333334
3 0.5442708333333334 0.5894097222222222 0.06354166666666666 0.21006944444444445
3 0.6244791666666667 0.5928819444444444 0.053125 0.17881944444444445
8 0.4432291666666667 0.7855902777777778 0.265625 0.4322916666666667
8 0.7848958333333333 0.8289930555555556 0.41770833333333335 0.328125
6 0.6567708333333333 0.2795138888888889 0.6885416666666667 0.5416666666666666
9 0.06875 0.4236111111111111 0.06875 0.2638888888888889
