0 0.3338541666666667 0.6067708333333334 0.15104166666666666 0.234375
0 0.6828125 0.5763888888888888 0.146875 0.1527777777777778
3 0.5895833333333333 0.5798611111111112 0.04791666666666667 0.2013888888888889
3 0.6625 0.5815972222222222 0.04583333333333333 0.19791666666666666
3 0.434375 0.5286458333333334 0.05416666666666667 0.05381944444444445
5 0.15260416666666668 0.6241319444444444 0.29270833333333335 0.22743055555555555
5 0.7864583333333334 0.6171875 0.10416666666666667 0.06076388888888889
6 0.5010416666666667 0.2595486111111111 1.0 0.5121527777777778
6 0.9239583333333333 0.5590277777777778 0.15416666666666667 0.2013888888888889
8 0.5041666666666667 0.8967013888888888 0.99375 0.21006944444444445
8 0.4953125 0.6692708333333334 0.15104166666666666 0.2204861111111111
8 0.7765625 0.7118055555555556 0.4322916666666667 0.13541666666666666
