4 0.21927083333333333 0.3220486111111111 0.340625 0.3975694444444444
4 0.5041666666666667 0.3506944444444444 0.15625 0.2569444444444444
4 0.8609375 0.2456597222222222 0.246875 0.3211805555555556
5 0.30416666666666664 0.5711805555555556 0.25 0.1076388888888889
5 0.3338541666666667 0.5 0.10520833333333333 0.16319444444444445
5 0.915625 0.4522569444444444 0.16458333333333333 0.24131944444444445
0 0.08541666666666667 0.5260416666666666 0.13958333333333334 0.1423611111111111
0 0.7625 0.5364583333333334 0.175 0.2222222222222222
0 0.646875 0.4956597222222222 0.04375 0.057291666666666664
3 0.440625 0.5147569444444444 0.04791666666666667 0.203125
3 0.6223958333333334 0.4965277777777778 0.04895833333333333 0.07291666666666667
3 0.5510416666666667 0.546875 0.0875 0.2152777777777778
3 0.4859375 0.5034722222222222 0.042708333333333334 0.16319444444444445
3 0.5645833333333333 0.4713541666666667 0.035416666666666666 0.08506944444444445
3 0.8625 0.5407986111111112 0.06666666666666667 0.2690972222222222
1 0.5536458333333333 0.5998263888888888 0.11354166666666667 0.16493055555555555
8 0.5010416666666667 0.8072916666666666 1.0 0.3888888888888889
8 0.5739583333333333 0.5546875 0.20625 0.0954861111111111
7 0.22239583333333332 0.46875 0.13229166666666667 0.14583333333333334
6 0.028125 0.24913194444444445 0.052083333333333336 0.4913194444444444
6 0.2171875 0.11458333333333333 0.31145833333333334 0.2222222222222222
6 0.29375 0.3350694444444444 0.16458333333333333 0.3333333333333333
6 0.4390625 0.265625 0.11979166666666667 0.5208333333333334
6 0.621875 0.22916666666666666 0.23333333333333334 0.4548611111111111
6 0.8682291666666667 0.11458333333333333 0.259375 0.2222222222222222
6 0.9609375 0.3185763888888889 0.08020833333333334 0.3802083333333333
9 0.8041666666666667 0.2526041666666667 0.029166666666666667 0.078125
9 0.7786458333333334 0.2873263888888889 0.03854166666666667 0.08854166666666667
