4 0.15729166666666666 0.4392361111111111 0.3125 0.8611111111111112
4 0.8963541666666667 0.3324652777777778 0.20729166666666668 0.2934027777777778
5 0.22916666666666666 0.7934027777777778 0.25416666666666665 0.4166666666666667
5 0.7260416666666667 0.6605902777777778 0.15 0.15104166666666666
5 0.5411458333333333 0.6050347222222222 0.04895833333333333 0.07465277777777778
3 0.375 0.5746527777777778 0.06458333333333334 0.1909722222222222
3 0.43385416666666665 0.5711805555555556 0.06770833333333333 0.1736111111111111
3 0.49947916666666664 0.5694444444444444 0.04479166666666667 0.13541666666666666
3 0.5901041666666667 0.5842013888888888 0.053125 0.234375
3 0.6328125 0.6119791666666666 0.06145833333333333 0.2170138888888889
3 0.8911458333333333 0.6553819444444444 0.11979166666666667 0.4079861111111111
1 0.884375 0.8038194444444444 0.23333333333333334 0.3958333333333333
8 0.55625 0.7690972222222222 0.46875 0.4652777777777778
8 0.8994791666666667 0.8932291666666666 0.203125 0.2170138888888889
6 0.6614583333333334 0.2951388888888889 0.6791666666666667 0.5729166666666666
9 0.078125 0.4288194444444444 0.09375 0.2673611111111111
