0 0.3307291666666667 0.5963541666666666 0.16145833333333334 0.22743055555555555
0 0.6869791666666667 0.5833333333333334 0.15520833333333334 0.1527777777777778
3 0.4421875 0.5399305555555556 0.057291666666666664 0.09027777777777778
3 0.7921875 0.6232638888888888 0.042708333333333334 0.14583333333333334
5 0.5364583333333334 0.5685763888888888 0.09166666666666666 0.06076388888888889
5 0.8302083333333333 0.6180555555555556 0.041666666666666664 0.05555555555555555
5 0.7557291666666667 0.6171875 0.051041666666666666 0.06770833333333333
5 0.15677083333333333 0.6380208333333334 0.303125 0.1996527777777778
6 0.503125 0.2630208333333333 0.9958333333333333 0.515625
6 0.9260416666666667 0.5373263888888888 0.15 0.1684027777777778
8 0.5010416666666667 0.8923611111111112 1.0 0.21875
8 0.5015625 0.6684027777777778 0.19270833333333334 0.19444444444444445
8 0.8052083333333333 0.7326388888888888 0.39166666666666666 0.11805555555555555
