2 0.6416666666666667 0.6935763888888888 0.09375 0.2586805555555556
3 0.4296875 0.6119791666666666 0.07395833333333333 0.3038194444444444
3 0.47552083333333334 0.6102430555555556 0.059375 0.2760416666666667
3 0.6463541666666667 0.6354166666666666 0.07604166666666666 0.3541666666666667
3 0.8125 0.6657986111111112 0.07916666666666666 0.3663194444444444
3 0.3645833333333333 0.5347222222222222 0.05625 0.0798611111111111
4 0.14739583333333334 0.40625 0.290625 0.7951388888888888
4 0.8848958333333333 0.3012152777777778 0.23229166666666667 0.328125
5 0.221875 0.7934027777777778 0.25 0.4166666666666667
5 0.7270833333333333 0.6380208333333334 0.07708333333333334 0.16493055555555555
5 0.9223958333333333 0.7170138888888888 0.15729166666666666 0.21180555555555555
5 0.5614583333333333 0.5954861111111112 0.09583333333333334 0.06944444444444445
6 0.6515625 0.2682291666666667 0.6989583333333333 0.5190972222222222
8 0.4864583333333333 0.7821180555555556 0.3333333333333333 0.4392361111111111
8 0.8296875 0.8628472222222222 0.334375 0.2777777777777778
