4 0.15520833333333334 0.4479166666666667 0.30833333333333335 0.8854166666666666
4 0.9005208333333333 0.3671875 0.20104166666666667 0.3142361111111111
5 0.2265625 0.7795138888888888 0.2552083333333333 0.4444444444444444
5 0.8900129166666667 0.671875 0.22173812499999998 0.21875
5 0.6129219791666666 0.6154513888888888 0.21354166666666666 0.1267361111111111
5 0.45364583333333336 0.5594079861111111 0.09270833333333334 0.052083333333333336
3 0.3715670833333334 0.5418376736111111 0.05520833333333333 0.08506944444444445
3 0.6395529166666667 0.6588668402777778 0.19583333333333333 0.4149305555555556
1 0.6570902083333333 0.8100668402777778 0.2989583333333333 0.3784722222222222
8 0.4875 0.7821180555555556 0.33541666666666664 0.4392361111111111
8 0.8234375 0.8602430555555556 0.35520833333333335 0.2829861111111111
6 0.6604166666666667 0.2916666666666667 0.68125 0.5729166666666666
9 0.06510416666666667 0.4357638888888889 0.06770833333333333 0.2673611111111111
