2 0.4901041666666667 0.6284722222222222 0.07604166666666666 0.15625
4 0.1578125 0.4557291666666667 0.31354166666666666 0.9045138888888888
4 0.8901041666666667 0.3897569444444444 0.221875 0.2829861111111111
5 0.22239583333333332 0.7760416666666666 0.26979166666666665 0.4513888888888889
5 0.5645833333333333 0.6059027777777778 0.06666666666666667 0.1076388888888889
5 0.6833333333333333 0.6588541666666666 0.06875 0.109375
5 0.8791666666666667 0.7039930555555556 0.24375 0.1857638888888889
5 0.4354166666666667 0.5538194444444444 0.06041666666666667 0.05555555555555555
3 0.365625 0.5303819444444444 0.025 0.08506944444444445
3 0.40260416666666665 0.5303819444444444 0.03854166666666667 0.078125
3 0.46197916666666666 0.5416666666666666 0.036458333333333336 0.10416666666666667
3 0.49375 0.5668402777777778 0.06666666666666667 0.18229166666666666
3 0.615625 0.6189236111111112 0.07083333333333333 0.3107638888888889
3 0.7255208333333333 0.640625 0.071875 0.2916666666666667
8 0.47552083333333334 0.7795138888888888 0.2864583333333333 0.4375
8 0.8104166666666667 0.8463541666666666 0.38125 0.3107638888888889
6 0.6447916666666667 0.28125 0.7125 0.5590277777777778
9 0.071875 0.4322916666666667 0.07083333333333333 0.2638888888888889
