4 0.15677083333333333 0.4513888888888889 0.31145833333333334 0.8923611111111112
4 0.8901041666666667 0.359375 0.221875 0.2604166666666667
5 0.228125 0.7890625 0.2520833333333333 0.4253472222222222
5 0.5895833333333333 0.6006944444444444 0.13125 0.09722222222222222
5 0.7859375 0.6527777777777778 0.18854166666666666 0.1840277777777778
5 0.44114583333333335 0.5633680555555556 0.057291666666666664 0.050347222222222224
3 0.36354166666666665 0.5277777777777778 0.025 0.07291666666666667
3 0.4078125 0.5303819444444444 0.051041666666666666 0.06770833333333333
3 0.47708333333333336 0.5538194444444444 0.035416666666666666 0.11805555555555555
3 0.5161458333333333 0.5529513888888888 0.03229166666666667 0.10590277777777778
3 0.928125 0.6822916666666666 0.14583333333333334 0.6388888888888888
8 0.46875 0.7690972222222222 0.29375 0.4652777777777778
8 0.80625 0.8463541666666666 0.38958333333333334 0.3107638888888889
6 0.6578125 0.2734375 0.6864583333333333 0.5399305555555556
9 0.06458333333333334 0.4375 0.06875 0.2604166666666667
