0 0.3359375 0.5876736111111112 0.15104166666666666 0.2170138888888889
0 0.8098958333333334 0.7421875 0.38229166666666664 0.5190972222222222
1 0.6114583333333333 0.5989583333333334 0.07083333333333333 0.13541666666666666
3 0.4640625 0.5616319444444444 0.057291666666666664 0.1232638888888889
3 0.6171875 0.5434027777777778 0.053125 0.09375
5 0.14427083333333332 0.6180555555555556 0.284375 0.2673611111111111
6 0.5026041666666666 0.2465277777777778 0.996875 0.4756944444444444
6 0.5411458333333333 0.4939236111111111 0.096875 0.203125
8 0.31145833333333334 0.8984375 0.6 0.2065972222222222
8 0.5151041666666667 0.6883680555555556 0.190625 0.21354166666666666
