0 0.5911458333333334 0.5416666666666666 0.06145833333333333 0.0798611111111111
1 0.6192708333333333 0.7994791666666666 0.16770833333333332 0.4045138888888889
3 0.4 0.5859375 0.05416666666666667 0.2065972222222222
4 0.4015625 0.4262152777777778 0.446875 0.2760416666666667
4 0.7697916666666667 0.1597222222222222 0.12083333333333333 0.2013888888888889
5 0.53125 0.5407986111111112 0.058333333333333334 0.03993055555555555
5 0.46510416666666665 0.4817708333333333 0.06979166666666667 0.15104166666666666
5 0.7677083333333333 0.6736111111111112 0.14583333333333334 0.22569444444444445
5 0.9010416666666666 0.8463541666666666 0.2 0.3107638888888889
5 0.33177083333333335 0.5746527777777778 0.06354166666666666 0.059027777777777776
5 0.13385416666666666 0.5729166666666666 0.04895833333333333 0.06597222222222222
6 0.1328125 0.2847222222222222 0.265625 0.5451388888888888
6 0.48333333333333334 0.18489583333333334 0.4125 0.3524305555555556
6 0.7130208333333333 0.4079861111111111 0.16354166666666667 0.2986111111111111
6 0.8932291666666666 0.2847222222222222 0.215625 0.5590277777777778
7 0.5776041666666667 0.4149305555555556 0.078125 0.041666666666666664
8 0.41302083333333334 0.8845486111111112 0.821875 0.234375
8 0.5385416666666667 0.6822916666666666 0.29791666666666666 0.1388888888888889
8 0.3541666666666667 0.734375 0.0875 0.05555555555555555
9 0.34739583333333335 0.5026041666666666 0.07604166666666666 0.08506944444444445
