0 0.4817708333333333 0.4383680555555556 0.042708333333333334 0.07118055555555555
0 0.165625 0.4913194444444444 0.06875 0.14583333333333334
0 0.3770833333333333 0.6449652777777778 0.41041666666666665 0.4982638888888889
4 0.24427083333333333 0.20052083333333334 0.48854166666666665 0.3836805555555556
4 0.8078125 0.4427083333333333 0.378125 0.8784722222222222
5 0.06822916666666666 0.5234375 0.134375 0.2690972222222222
6 0.11510416666666666 0.3289930555555556 0.12395833333333334 0.19270833333333334
6 0.2921875 0.2682291666666667 0.18020833333333333 0.2204861111111111
6 0.5635416666666667 0.2942708333333333 0.11666666666666667 0.578125
7 0.18385416666666668 0.20572916666666666 0.153125 0.043402777777777776
8 0.0890625 0.7699652777777778 0.16979166666666667 0.4322916666666667
8 0.6333333333333333 0.7621527777777778 0.13958333333333334 0.4479166666666667
8 0.375 0.9383680555555556 0.7479166666666667 0.109375
9 0.4552083333333333 0.11805555555555555 0.025 0.03819444444444445
9 0.459375 0.22916666666666666 0.0375 0.041666666666666664
9 0.459375 0.3350694444444444 0.04583333333333333 0.04861111111111111
9 0.4192708333333333 0.2708333333333333 0.034375 0.1111111111111111
9 0.4203125 0.1015625 0.026041666666666668 0.08854166666666667
9 0.3651041666666667 0.18836805555555555 0.04895833333333333 0.11979166666666667
9 0.3625 0.3559027777777778 0.05416666666666667 0.05555555555555555
9 0.05520833333333333 0.15364583333333334 0.075 0.10243055555555555
9 0.6385416666666667 0.3993055555555556 0.025 0.1076388888888889
