0 0.3359375 0.6024305555555556 0.14479166666666668 0.24305555555555555
0 0.6885416666666667 0.5842013888888888 0.16458333333333333 0.16145833333333334
3 0.5203125 0.5434027777777778 0.059375 0.10069444444444445
3 0.44427083333333334 0.5217013888888888 0.057291666666666664 0.057291666666666664
3 0.9770833333333333 0.6293402777777778 0.03958333333333333 0.3072916666666667
5 0.15885416666666666 0.6345486111111112 0.3072916666666667 0.234375
5 0.7973958333333333 0.6119791666666666 0.109375 0.043402777777777776
6 0.5015625 0.2578125 0.9989583333333333 0.5017361111111112
6 0.9015625 0.5633680555555556 0.11145833333333334 0.1684027777777778
8 0.5020833333333333 0.8967013888888888 0.9979166666666667 0.21006944444444445
8 0.5135416666666667 0.6770833333333334 0.20208333333333334 0.21180555555555555
8 0.8125 0.7317708333333334 0.3770833333333333 0.10590277777777778
