0 0.33318291666666666 0.5928819444444444 0.16354166666666667 0.22743055555555555
0 0.6869791666666667 0.5720486111111112 0.15729166666666666 0.1545138888888889
3 0.4419096875 0.5277777777777778 0.071875 0.041666666666666664
3 0.5073611458333334 0.5733411458333333 0.04375 0.19753090277777777
3 0.5477082812499999 0.569637326388889 0.04740739583333333 0.17530868055555557
3 0.9640046354166667 0.6507329861111111 0.0740740625 0.42299375
5 0.14791666666666667 0.6206597222222222 0.29375 0.2725694444444444
5 0.7913888541666666 0.6067708333333334 0.12291666666666666 0.057291666666666664
5 0.5493403125 0.540065625 0.10104166666666667 0.08159722222222222
6 0.5010416666666667 0.24739583333333334 1.0 0.4704861111111111
6 0.9255208333333333 0.5477430555555556 0.15104166666666666 0.2204861111111111
8 0.5026041666666666 0.8914930555555556 0.996875 0.2204861111111111
8 0.684375 0.7092013888888888 0.6041666666666666 0.11284722222222222
8 0.5069329166666666 0.6085069444444444 0.16770833333333332 0.0954861111111111
