2 0.3770833333333333 0.5711805555555556 0.04583333333333333 0.0798611111111111
4 0.1578125 0.4279513888888889 0.31354166666666666 0.8489583333333334
4 0.8901041666666667 0.3802083333333333 0.221875 0.3055555555555556
5 0.22604166666666667 0.7795138888888888 0.24583333333333332 0.4444444444444444
5 0.8697916666666666 0.7092013888888888 0.2625 0.1996527777777778
5 0.571875 0.6041666666666666 0.07083333333333333 0.09722222222222222
5 0.4578125 0.5659722222222222 0.03854166666666667 0.06597222222222222
3 0.375 0.5399305555555556 0.06666666666666667 0.10416666666666667
3 0.5083333333333333 0.5989583333333334 0.075 0.24305555555555555
3 0.628125 0.6171875 0.075 0.3003472222222222
3 0.7104166666666667 0.6223958333333334 0.06458333333333334 0.2795138888888889
8 0.4625 0.7638888888888888 0.27708333333333335 0.4756944444444444
8 0.8052083333333333 0.8359375 0.39166666666666666 0.3315972222222222
6 0.6614583333333334 0.2829861111111111 0.6791666666666667 0.5486111111111112
9 0.07552083333333333 0.4305555555555556 0.078125 0.3020833333333333
