0 0.33958333333333335 0.5980902777777778 0.15208333333333332 0.2309027777777778
0 0.684375 0.5668402777777778 0.09583333333333334 0.1267361111111111
1 0.5890625 0.7309027777777778 0.15729166666666666 0.3819444444444444
3 0.48020833333333335 0.6215277777777778 0.07291666666666667 0.2847222222222222
3 0.5953125 0.6380208333333334 0.15104166666666666 0.3489583333333333
3 0.709375 0.6319444444444444 0.058333333333333334 0.3125
3 0.7791666666666667 0.6831597222222222 0.12291666666666666 0.4947916666666667
3 0.903125 0.6796875 0.13958333333333334 0.4913194444444444
3 0.9807291666666667 0.8576388888888888 0.040625 0.2881944444444444
3 0.4166666666666667 0.5277777777777778 0.06875 0.07291666666666667
5 0.14479166666666668 0.6050347222222222 0.28958333333333336 0.2899305555555556
6 0.49947916666666664 0.2786458333333333 1.0 0.546875
8 0.5005208333333333 0.9027777777777778 1.0 0.19791666666666666
8 0.6619791666666667 0.734375 0.665625 0.11805555555555555
8 0.45989583333333334 0.6145833333333334 0.10520833333333333 0.10069444444444445
