0 0.3328125 0.5963541666666666 0.15104166666666666 0.2204861111111111
0 0.6848958333333334 0.5789930555555556 0.14895833333333333 0.16493055555555555
3 0.4515625 0.5512152777777778 0.03229166666666667 0.10243055555555555
3 0.5067708333333333 0.5434027777777778 0.042708333333333334 0.09375
3 0.6015625 0.5677083333333334 0.021875 0.06944444444444445
3 0.7958333333333333 0.6267361111111112 0.03958333333333333 0.14583333333333334
5 0.14270833333333333 0.6189236111111112 0.27708333333333335 0.2552083333333333
5 0.7541666666666667 0.6059027777777778 0.03125 0.059027777777777776
6 0.5026041666666666 0.2578125 0.996875 0.4982638888888889
6 0.8708333333333333 0.5538194444444444 0.04791666666666667 0.17708333333333334
6 0.9208333333333333 0.5572916666666666 0.04791666666666667 0.1840277777777778
6 0.9786458333333333 0.5711805555555556 0.04479166666666667 0.19791666666666666
8 0.5026041666666666 0.9010416666666666 0.996875 0.2013888888888889
8 0.5135416666666667 0.6796875 0.18333333333333332 0.2378472222222222
8 0.809375 0.7352430555555556 0.38333333333333336 0.11631944444444445
