0 0.1390625 0.4826388888888889 0.08854166666666667 0.13541666666666666
0 0.3494791666666667 0.578125 0.37604166666666666 0.375
0 0.48385416666666664 0.4418402777777778 0.051041666666666666 0.0642361111111111
4 0.2453125 0.1996527777777778 0.4864583333333333 0.3923611111111111
4 0.80625 0.4157986111111111 0.36666666666666664 0.8246527777777778
5 0.06302083333333333 0.5251736111111112 0.12395833333333334 0.3142361111111111
5 0.5942708333333333 0.4696180555555556 0.11979166666666667 0.1892361111111111
6 0.10729166666666666 0.3194444444444444 0.09791666666666667 0.16319444444444445
6 0.28541666666666665 0.2595486111111111 0.18125 0.2309027777777778
6 0.5598958333333334 0.2907986111111111 0.10104166666666667 0.5607638888888888
7 0.19583333333333333 0.1935763888888889 0.16458333333333333 0.03993055555555555
8 0.35208333333333336 0.8550347222222222 0.7 0.2934027777777778
8 0.5322916666666667 0.5807291666666666 0.15625 0.18229166666666666
8 0.12916666666666668 0.6380208333333334 0.07916666666666666 0.140625
9 0.45416666666666666 0.11979166666666667 0.020833333333333332 0.027777777777777776
9 0.4557291666666667 0.2248263888888889 0.03229166666666667 0.03993055555555555
9 0.4588541666666667 0.3385416666666667 0.040625 0.04861111111111111
9 0.41822916666666665 0.09027777777777778 0.021875 0.052083333333333336
9 0.41875 0.2612847222222222 0.029166666666666667 0.10590277777777778
9 0.36614583333333334 0.19010416666666666 0.04895833333333333 0.140625
9 0.059375 0.16319444444444445 0.07916666666666666 0.09375
9 0.6359375 0.4123263888888889 0.015625 0.1232638888888889
9 0.421875 0.4140625 0.03333333333333333 0.10243055555555555
