4 0.2171875 0.3324652777777778 0.33645833333333336 0.421875
4 0.5177083333333333 0.3819444444444444 0.17291666666666666 0.2847222222222222
4 0.8677083333333333 0.2734375 0.26666666666666666 0.2864583333333333
5 0.41770833333333335 0.5104166666666666 0.12708333333333333 0.1388888888888889
5 0.3078125 0.5798611111111112 0.20729166666666668 0.0625
5 0.9135416666666667 0.4809027777777778 0.175 0.22569444444444445
0 0.06875 0.5243055555555556 0.13333333333333333 0.12152777777777778
0 0.7598958333333333 0.5190972222222222 0.16354166666666667 0.2048611111111111
3 0.32447916666666665 0.5503472222222222 0.04895833333333333 0.20833333333333334
3 0.30104166666666665 0.5234375 0.0375 0.21006944444444445
3 0.4921875 0.5182291666666666 0.034375 0.13368055555555555
3 0.5229166666666667 0.5078125 0.04583333333333333 0.1371527777777778
3 0.56875 0.5026041666666666 0.04375 0.1232638888888889
3 0.6020833333333333 0.5043402777777778 0.03333333333333333 0.11284722222222222
3 0.6432291666666666 0.5 0.03229166666666667 0.09722222222222222
3 0.8640625 0.5338541666666666 0.06979166666666667 0.2621527777777778
1 0.5807291666666666 0.5616319444444444 0.096875 0.09895833333333333
8 0.5041666666666667 0.8125 0.99375 0.3784722222222222
8 0.5755208333333334 0.5546875 0.21770833333333334 0.11631944444444445
7 0.22083333333333333 0.4704861111111111 0.14791666666666667 0.13541666666666666
6 0.5026041666666666 0.2421875 0.996875 0.4809027777777778
