0 0.48385416666666664 0.4383680555555556 0.053125 0.07118055555555555
0 0.16927083333333334 0.4861111111111111 0.057291666666666664 0.14583333333333334
0 0.37916666666666665 0.6293402777777778 0.40625 0.4565972222222222
4 0.24479166666666666 0.21614583333333334 0.4895833333333333 0.4079861111111111
4 0.8119791666666667 0.4652777777777778 0.378125 0.9131944444444444
5 0.06927083333333334 0.5208333333333334 0.13645833333333332 0.28125
5 0.5786458333333333 0.4522569444444444 0.12395833333333334 0.171875
6 0.109375 0.3333333333333333 0.1125 0.1875
6 0.29375 0.2777777777777778 0.17916666666666667 0.2048611111111111
6 0.5677083333333334 0.2934027777777778 0.12083333333333333 0.5694444444444444
7 0.18697916666666667 0.2109375 0.16145833333333334 0.05381944444444445
8 0.08697916666666666 0.7795138888888888 0.171875 0.4236111111111111
8 0.634375 0.7925347222222222 0.12083333333333333 0.3697916666666667
8 0.36041666666666666 0.9314236111111112 0.71875 0.11979166666666667
9 0.453125 0.1171875 0.020833333333333332 0.029513888888888888
9 0.45677083333333335 0.2230902777777778 0.034375 0.03993055555555555
9 0.4552083333333333 0.3376736111111111 0.0375 0.03298611111111111
9 0.36614583333333334 0.18055555555555555 0.051041666666666666 0.1284722222222222
9 0.41875 0.09635416666666667 0.020833333333333332 0.08159722222222222
9 0.41458333333333336 0.2725694444444444 0.029166666666666667 0.09375
9 0.05572916666666667 0.15711805555555555 0.08020833333333334 0.0954861111111111
9 0.35885416666666664 0.3654513888888889 0.042708333333333334 0.07465277777777778
