2 0.6088541666666667 0.6840277777777778 0.09479166666666666 0.22916666666666666
4 0.15104166666666666 0.4392361111111111 0.3020833333333333 0.8611111111111112
4 0.8880208333333334 0.3776041666666667 0.203125 0.2690972222222222
5 0.2296875 0.78125 0.26145833333333335 0.4375
5 0.45729166666666665 0.5572916666666666 0.11458333333333333 0.07291666666666667
5 0.5572916666666666 0.6041666666666666 0.05 0.07291666666666667
5 0.7026041666666667 0.6553819444444444 0.10729166666666666 0.11631944444444445
5 0.925 0.7248263888888888 0.15208333333333332 0.2309027777777778
3 0.37604166666666666 0.5407986111111112 0.07291666666666667 0.1267361111111111
3 0.5322916666666667 0.5694444444444444 0.052083333333333336 0.1597222222222222
3 0.6192708333333333 0.6276041666666666 0.08645833333333333 0.3211805555555556
3 0.7864583333333334 0.6762152777777778 0.13125 0.4496527777777778
8 0.48854166666666665 0.7786458333333334 0.32916666666666666 0.4322916666666667
8 0.8192708333333333 0.8446180555555556 0.36354166666666665 0.3072916666666667
6 0.6515625 0.2951388888888889 0.6989583333333333 0.5729166666666666
9 0.06510416666666667 0.4418402777777778 0.06770833333333333 0.24479166666666666
