0 0.3260416666666667 0.5885416666666666 0.16458333333333333 0.2361111111111111
0 0.6895833333333333 0.5772569444444444 0.13958333333333334 0.11979166666666667
3 0.4921875 0.6310763888888888 0.07604166666666666 0.3524305555555556
3 0.5824884375 0.6336805555555556 0.084375 0.3715277777777778
3 0.6916666666666667 0.5954861111111112 0.04791666666666667 0.21180555555555555
3 0.6359375 0.5902777777777778 0.034375 0.19791666666666666
3 0.7859375 0.6180555555555556 0.04479166666666667 0.1736111111111111
3 0.4276041666666667 0.5416666666666666 0.03229166666666667 0.0798611111111111
4 0.05364583333333333 0.3446180555555556 0.10729166666666666 0.3038194444444444
5 0.14166666666666666 0.6267361111111112 0.28125 0.22916666666666666
5 0.840625 0.6163194444444444 0.04583333333333333 0.052083333333333336
6 0.14322916666666666 0.2604166666666667 0.16354166666666667 0.5034722222222222
6 0.6182291666666667 0.23697916666666666 0.765625 0.4565972222222222
6 0.8671875 0.5477430555555556 0.05520833333333333 0.234375
6 0.9171875 0.5685763888888888 0.040625 0.2309027777777778
6 0.9744791666666667 0.5538194444444444 0.053125 0.2465277777777778
6 0.6046875 0.2934027777777778 0.21770833333333334 0.2881944444444444
8 0.5041666666666667 0.9045138888888888 0.99375 0.19444444444444445
8 0.5598958333333334 0.7213541666666666 0.8489583333333334 0.1440972222222222
