0 0.3380208333333333 0.5946180555555556 0.14895833333333333 0.2170138888888889
0 0.6765625 0.5711805555555556 0.14895833333333333 0.13541666666666666
3 0.4557291666666667 0.5373263888888888 0.078125 0.08159722222222222
3 0.8119791666666667 0.6041666666666666 0.05520833333333333 0.2638888888888889
5 0.1421875 0.6119791666666666 0.271875 0.2378472222222222
5 0.7541666666666667 0.6102430555555556 0.05 0.046875
5 0.5390625 0.5572916666666666 0.078125 0.052083333333333336
6 0.5020833333333333 0.24913194444444445 0.9979166666666667 0.4913194444444444
6 0.9265625 0.5381944444444444 0.14895833333333333 0.2013888888888889
8 0.5020833333333333 0.8958333333333334 0.9979166666666667 0.21180555555555555
8 0.5041666666666667 0.6701388888888888 0.19791666666666666 0.21180555555555555
8 0.8052083333333333 0.7222222222222222 0.39166666666666666 0.1388888888888889
