0 0.3255208333333333 0.5928819444444444 0.165625 0.2378472222222222
0 0.7151041666666667 0.578125 0.109375 0.1388888888888889
3 0.43645833333333334 0.6128472222222222 0.035416666666666666 0.3125
3 0.5026041666666666 0.6041666666666666 0.051041666666666666 0.2777777777777778
3 0.5859375 0.6059027777777778 0.065625 0.2673611111111111
3 0.6463541666666667 0.5946180555555556 0.05520833333333333 0.234375
3 0.7895833333333333 0.6232638888888888 0.052083333333333336 0.16319444444444445
4 0.057291666666666664 0.3611111111111111 0.11041666666666666 0.3020833333333333
5 0.14427083333333332 0.6276041666666666 0.28020833333333334 0.19270833333333334
5 0.8380208333333333 0.6067708333333334 0.04479166666666667 0.06076388888888889
5 0.7557291666666667 0.6145833333333334 0.034375 0.0763888888888889
6 0.13541666666666666 0.2586805555555556 0.16875 0.5069444444444444
6 0.6166666666666667 0.2387152777777778 0.76875 0.4565972222222222
6 0.86875 0.5399305555555556 0.05625 0.19444444444444445
6 0.9239583333333333 0.5590277777777778 0.035416666666666666 0.19791666666666666
6 0.9760416666666667 0.5633680555555556 0.05 0.2170138888888889
8 0.5010416666666667 0.8897569444444444 1.0 0.22395833333333334
8 0.6651041666666667 0.6953125 0.4947916666666667 0.13020833333333334
