4 0.2911458333333333 0.4696180555555556 0.26979166666666665 0.2378472222222222
4 0.5411458333333333 0.4444444444444444 0.165625 0.2152777777777778
4 0.7447916666666666 0.16666666666666666 0.08541666666666667 0.22569444444444445
5 0.12916666666666668 0.5625 0.24791666666666667 0.1076388888888889
5 0.7166666666666667 0.6102430555555556 0.19583333333333333 0.3628472222222222
5 0.8901041666666667 0.7751736111111112 0.221875 0.453125
0 0.5953125 0.5477430555555556 0.06145833333333333 0.08854166666666667
3 0.4484375 0.5407986111111112 0.030208333333333334 0.0920138888888889
3 0.4864583333333333 0.5625 0.03125 0.09722222222222222
3 0.2760416666666667 0.6111111111111112 0.09166666666666666 0.2881944444444444
3 0.3703125 0.7083333333333334 0.18020833333333333 0.5833333333333334
1 0.5083333333333333 0.5763888888888888 0.035416666666666666 0.05555555555555555
1 0.6171875 0.7630208333333334 0.19270833333333334 0.4774305555555556
8 0.38645833333333335 0.8272569444444444 0.7645833333333333 0.3489583333333333
8 0.54375 0.5980902777777778 0.23333333333333334 0.09895833333333333
7 0.5776041666666667 0.4131944444444444 0.078125 0.04513888888888889
6 0.5010416666666667 0.2864583333333333 1.0 0.5659722222222222
9 0.33541666666666664 0.4861111111111111 0.041666666666666664 0.0763888888888889
9 0.7333333333333333 0.2013888888888889 0.04583333333333333 0.11458333333333333
