4 0.15364583333333334 0.4557291666666667 0.30520833333333336 0.9045138888888888
4 0.9037560416666667 0.3472222222222222 0.19375 0.3055555555555556
5 0.22864583333333333 0.7760416666666666 0.24270833333333333 0.4513888888888889
5 0.9570065624999999 0.6931519097222222 0.08807020833333333 0.19791666666666666
5 0.6859375 0.6458333333333334 0.084375 0.08333333333333333
3 0.38667125 0.5335119791666667 0.07708333333333334 0.0642361111111111
3 0.58498328125 0.6470879340277779 0.1343065625 0.3393654513888889
3 0.8171000520833334 0.6936206597222222 0.1284671875 0.5408048611111111
3 0.8860287499999999 0.6647531250000001 0.08020833333333334 0.49635034722222227
3 0.43697916666666664 0.5364583333333334 0.04479166666666667 0.0798611111111111
1 0.5798737500000001 0.7888407118055556 0.156204375 0.2335765625
8 0.49947916666666664 0.7699652777777778 0.3572916666666667 0.4635416666666667
8 0.8447916666666667 0.8541666666666666 0.3125 0.2951388888888889
6 0.6520833333333333 0.2864583333333333 0.6916666666666667 0.5520833333333334
9 0.06875 0.4288194444444444 0.075 0.2673611111111111
