0 0.59375 0.5477430555555556 0.06041666666666667 0.0920138888888889
1 0.6203125 0.8072916666666666 0.171875 0.3888888888888889
3 0.37135416666666665 0.6006944444444444 0.051041666666666666 0.2361111111111111
3 0.5104166666666666 0.5980902777777778 0.05625 0.2204861111111111
4 0.39114583333333336 0.4123263888888889 0.4947916666666667 0.328125
5 0.459375 0.5 0.06458333333333334 0.1701388888888889
5 0.846875 0.6614583333333334 0.30833333333333335 0.25
5 0.8921875 0.9010416666666666 0.21770833333333334 0.2013888888888889
5 0.1203125 0.5642361111111112 0.065625 0.07291666666666667
5 0.3307291666666667 0.5651041666666666 0.051041666666666666 0.0642361111111111
6 0.14739583333333334 0.2829861111111111 0.290625 0.5555555555555556
6 0.50625 0.1918402777777778 0.40625 0.3767361111111111
6 0.8885416666666667 0.2717013888888889 0.225 0.5329861111111112
6 0.6921875 0.4392361111111111 0.17604166666666668 0.2986111111111111
7 0.575 0.4131944444444444 0.07291666666666667 0.041666666666666664
8 0.4046875 0.8663194444444444 0.790625 0.2708333333333333
8 0.525 0.6501736111111112 0.3416666666666667 0.1267361111111111
9 0.3541666666666667 0.5112847222222222 0.06458333333333334 0.08159722222222222
