4 0.2760416666666667 0.453125 0.26666666666666666 0.2326388888888889
4 0.5484375 0.4175347222222222 0.20729166666666668 0.2170138888888889
4 0.75 0.1684027777777778 0.08541666666666667 0.22916666666666666
5 0.06666666666666667 0.5321180555555556 0.06458333333333334 0.14756944444444445
5 0.725 0.6067708333333334 0.19583333333333333 0.2586805555555556
5 0.8828125 0.7786458333333334 0.23645833333333333 0.4461805555555556
5 0.45364583333333336 0.4340277777777778 0.103125 0.14583333333333334
5 0.3921875 0.5833333333333334 0.040625 0.04513888888888889
0 0.5916666666666667 0.5390625 0.06041666666666667 0.07118055555555555
3 0.030729166666666665 0.6414930555555556 0.059375 0.4149305555555556
3 0.16458333333333333 0.7152777777777778 0.19583333333333333 0.5451388888888888
3 0.33177083333333335 0.6649305555555556 0.121875 0.4965277777777778
3 0.2520833333333333 0.5598958333333334 0.10208333333333333 0.21354166666666666
3 0.5322916666666667 0.6258680555555556 0.07083333333333333 0.3072916666666667
3 0.45260416666666664 0.546875 0.042708333333333334 0.17708333333333334
3 0.49322916666666666 0.5407986111111112 0.023958333333333335 0.140625
1 0.6119791666666666 0.7604166666666666 0.165625 0.4826388888888889
8 0.5869791666666667 0.7847222222222222 0.415625 0.4340277777777778
8 0.19010416666666666 0.8810763888888888 0.378125 0.24131944444444445
7 0.5770833333333333 0.4157986111111111 0.08541666666666667 0.046875
6 0.503125 0.2621527777777778 0.9958333333333333 0.5069444444444444
9 0.734375 0.19618055555555555 0.03958333333333333 0.10069444444444445
9 0.35885416666666664 0.4965277777777778 0.053125 0.059027777777777776
