0 0.32708333333333334 0.5894097222222222 0.16666666666666666 0.2309027777777778
0 0.6869791666666667 0.5668402777777778 0.159375 0.15104166666666666
3 0.434375 0.5329861111111112 0.05 0.0625
3 0.7911458333333333 0.625 0.03854166666666667 0.1527777777777778
3 0.6067708333333334 0.5616319444444444 0.019791666666666666 0.0642361111111111
4 0.0609375 0.3506944444444444 0.115625 0.2222222222222222
5 0.15 0.6206597222222222 0.29375 0.2170138888888889
5 0.5640625 0.5668402777777778 0.09270833333333334 0.07118055555555555
5 0.8572916666666667 0.625 0.06041666666666667 0.05555555555555555
6 0.1328125 0.2673611111111111 0.17395833333333333 0.5173611111111112
6 0.4661458333333333 0.2638888888888889 0.471875 0.4861111111111111
6 0.8666666666666667 0.5373263888888888 0.04583333333333333 0.22395833333333334
6 0.9223958333333333 0.5373263888888888 0.04895833333333333 0.21006944444444445
6 0.9807291666666667 0.5442708333333334 0.040625 0.1996527777777778
6 0.8197916666666667 0.2769097222222222 0.3625 0.4739583333333333
8 0.5036458333333333 0.9071180555555556 0.9947916666666666 0.1892361111111111
8 0.5114583333333333 0.7890625 0.18958333333333333 0.421875
8 0.8088541666666667 0.8298611111111112 0.384375 0.34375
