4 0.2984375 0.4288194444444444 0.32395833333333335 0.21875
4 0.5848958333333333 0.4262152777777778 0.15104166666666666 0.2204861111111111
4 0.75625 0.1779513888888889 0.10208333333333333 0.16493055555555555
5 0.8380208333333333 0.7447916666666666 0.3260416666666667 0.5104166666666666
5 0.22739890625 0.5430986979166668 0.34176552083333334 0.10218975694444445
5 0.4973236458333333 0.5295138888888888 0.13125 0.09027777777777778
0 0.5880208333333333 0.5277777777777778 0.06145833333333333 0.09027777777777778
3 0.48693739583333334 0.5366166666666667 0.052083333333333336 0.10243055555555555
3 0.42877885416666667 0.5666629340277778 0.093430625 0.19798003472222223
1 0.61875 0.7734375 0.16875 0.4565972222222222
1 0.42975208333333337 0.6294732638888889 0.09537708333333333 0.18734791666666667
8 0.40677083333333336 0.8611111111111112 0.8114583333333333 0.28125
8 0.5098958333333333 0.6423611111111112 0.284375 0.16319444444444445
7 0.58125 0.4131944444444444 0.08958333333333333 0.052083333333333336
6 0.5010416666666667 0.2847222222222222 1.0 0.5590277777777778
9 0.3416666666666667 0.5 0.07708333333333334 0.0798611111111111
9 0.7328125 0.19010416666666666 0.036458333333333336 0.08854166666666667
