0 0.5885416666666666 0.5407986111111112 0.05416666666666667 0.06770833333333333
1 0.6229166666666667 0.7977430555555556 0.17291666666666666 0.4079861111111111
3 0.1734375 0.6631944444444444 0.11354166666666667 0.4305555555555556
3 0.4557291666666667 0.5789930555555556 0.042708333333333334 0.19270833333333334
4 0.30625 0.4348958333333333 0.22708333333333333 0.2760416666666667
4 0.5651041666666666 0.4210069444444444 0.146875 0.2621527777777778
4 0.7515625 0.1684027777777778 0.11354166666666667 0.20833333333333334
5 0.35260416666666666 0.5798611111111112 0.08020833333333334 0.0625
5 0.4895833333333333 0.4774305555555556 0.09791666666666667 0.14930555555555555
5 0.7671875 0.6545138888888888 0.15729166666666666 0.21875
5 0.8916666666666667 0.8168402777777778 0.21875 0.3628472222222222
6 0.153125 0.2890625 0.2916666666666667 0.5572916666666666
6 0.5020833333333333 0.19270833333333334 0.3854166666666667 0.3645833333333333
6 0.8151041666666666 0.4262152777777778 0.371875 0.3350694444444444
6 0.8880208333333334 0.1345486111111111 0.22604166666666667 0.2482638888888889
7 0.5796875 0.4175347222222222 0.07395833333333333 0.036458333333333336
8 0.4005208333333333 0.8550347222222222 0.7927083333333333 0.2934027777777778
8 0.5348958333333333 0.6258680555555556 0.2760416666666667 0.140625
9 0.3515625 0.5078125 0.07604166666666666 0.08506944444444445
