0 0.3380208333333333 0.6024305555555556 0.15104166666666666 0.22916666666666666
0 0.6828125 0.5772569444444444 0.153125 0.16493055555555555
3 0.4390625 0.5390625 0.053125 0.10243055555555555
3 0.7932291666666667 0.6154513888888888 0.051041666666666666 0.1545138888888889
5 0.15104166666666666 0.625 0.2833333333333333 0.25
5 0.8322916666666667 0.6085069444444444 0.03958333333333333 0.050347222222222224
5 0.75 0.6102430555555556 0.052083333333333336 0.07465277777777778
5 0.5364583333333334 0.5564236111111112 0.10833333333333334 0.08159722222222222
6 0.5041666666666667 0.2569444444444444 0.99375 0.4930555555555556
6 0.9213541666666667 0.5442708333333334 0.159375 0.15104166666666666
8 0.5020833333333333 0.8940972222222222 0.9979166666666667 0.2152777777777778
8 0.509375 0.6779513888888888 0.21041666666666667 0.1996527777777778
8 0.8119791666666667 0.7369791666666666 0.378125 0.1267361111111111
