4 0.28541666666666665 0.4835069444444444 0.27708333333333335 0.24131944444444445
4 0.5463541666666667 0.4470486111111111 0.18854166666666666 0.2760416666666667
4 0.7520833333333333 0.16319444444444445 0.09791666666666667 0.21875
5 0.11041666666666666 0.5546875 0.12291666666666666 0.140625
5 0.33125 0.5694444444444444 0.15625 0.08333333333333333
5 0.4427083333333333 0.4713541666666667 0.09791666666666667 0.1545138888888889
5 0.8229166666666666 0.5789930555555556 0.35625 0.3107638888888889
5 0.8786458333333333 0.8723958333333334 0.24479166666666666 0.2586805555555556
0 0.59375 0.5407986111111112 0.05625 0.078125
3 0.5524863541666666 0.6079239583333333 0.058333333333333334 0.2207142361111111
3 0.49517947916666666 0.5897328993055555 0.08541666666666667 0.2441199652777778
3 0.4361428125 0.5865711805555556 0.07604166666666666 0.2864583333333333
3 0.362731875 0.5887380208333334 0.078125 0.2899305555555556
1 0.5969814583333334 0.7647569444444444 0.1875 0.4739583333333333
8 0.3828125 0.796875 0.7635416666666667 0.4097222222222222
7 0.5786458333333333 0.4105902777777778 0.09479166666666666 0.046875
7 0.4401041666666667 0.5625 0.057291666666666664 0.034722222222222224
6 0.5015625 0.3003472222222222 0.9989583333333333 0.5833333333333334
9 0.34406552083333336 0.5017361111111112 0.08229166666666667 0.07291666666666667
9 0.73125 0.19270833333333334 0.0375 0.08333333333333333
