0 0.3333333333333333 0.5876736111111112 0.15 0.22743055555555555
0 0.590625 0.6059027777777778 0.20833333333333334 0.19791666666666666
0 0.6958333333333333 0.5659722222222222 0.125 0.13194444444444445
3 0.4421875 0.5859375 0.04479166666666667 0.17881944444444445
3 0.7916666666666666 0.6258680555555556 0.03958333333333333 0.15104166666666666
5 0.14635416666666667 0.6232638888888888 0.290625 0.2326388888888889
6 0.5026041666666666 0.24913194444444445 0.996875 0.4739583333333333
6 0.9307291666666667 0.5364583333333334 0.140625 0.16666666666666666
8 0.5005208333333333 0.8888888888888888 1.0 0.22569444444444445
8 0.44479166666666664 0.6987847222222222 0.08958333333333333 0.140625
8 0.7515625 0.7578125 0.49895833333333334 0.07118055555555555
