0 0.32916666666666666 0.5972222222222222 0.17083333333333334 0.22916666666666666
0 0.690625 0.5798611111111112 0.14166666666666666 0.1597222222222222
3 0.565625 0.5572916666666666 0.027083333333333334 0.11458333333333333
3 0.5958333333333333 0.5954861111111112 0.052083333333333336 0.21875
3 0.7916666666666666 0.6276041666666666 0.052083333333333336 0.1440972222222222
4 0.06041666666666667 0.3333333333333333 0.11875 0.2916666666666667
5 0.14791666666666667 0.6085069444444444 0.29375 0.234375
5 0.8411458333333334 0.6102430555555556 0.046875 0.05381944444444445
5 0.4822916666666667 0.5338541666666666 0.11875 0.0642361111111111
6 0.12552083333333333 0.2508680555555556 0.19270833333333334 0.4704861111111111
6 0.5666666666666667 0.2899305555555556 0.29375 0.375
6 0.7765625 0.3428819444444444 0.44895833333333335 0.6822916666666666
6 0.9166666666666666 0.5399305555555556 0.05 0.2534722222222222
6 0.865625 0.5399305555555556 0.03333333333333333 0.2361111111111111
6 0.9791666666666666 0.5555555555555556 0.03125 0.3055555555555556
6 0.3338541666666667 0.2855902777777778 0.203125 0.4114583333333333
8 0.7130208333333333 0.828125 0.5677083333333334 0.3055555555555556
8 0.48020833333333335 0.6050347222222222 0.11041666666666666 0.11284722222222222
