0 0.3328125 0.5963541666666666 0.15729166666666666 0.234375
0 0.6817708333333333 0.5807291666666666 0.14895833333333333 0.17881944444444445
1 0.42864583333333334 0.5329861111111112 0.021875 0.052083333333333336
3 0.49375 0.5416666666666666 0.0375 0.0798611111111111
3 0.7890625 0.6197916666666666 0.046875 0.1527777777777778
3 0.4192708333333333 0.5234375 0.042708333333333334 0.03993055555555555
4 0.059895833333333336 0.3472222222222222 0.11145833333333334 0.2534722222222222
5 0.14635416666666667 0.6059027777777778 0.278125 0.2222222222222222
5 0.8619791666666666 0.6197916666666666 0.06770833333333333 0.06944444444444445
5 0.5796875 0.5494791666666666 0.04895833333333333 0.07118055555555555
6 0.15833333333333333 0.2439236111111111 0.18958333333333333 0.4704861111111111
6 0.8223958333333333 0.2569444444444444 0.35104166666666664 0.4930555555555556
6 0.8661458333333333 0.5451388888888888 0.046875 0.18055555555555555
6 0.9203125 0.5572916666666666 0.046875 0.1736111111111111
6 0.9760416666666667 0.5546875 0.05 0.1892361111111111
6 0.45 0.2647569444444444 0.3770833333333333 0.4878472222222222
6 0.5541666666666667 0.3845486111111111 0.15208333333333332 0.3246527777777778
8 0.5015625 0.9045138888888888 0.9989583333333333 0.19444444444444445
8 0.5119791666666667 0.7873263888888888 0.18020833333333333 0.4288194444444444
8 0.8067708333333333 0.7994791666666666 0.3885416666666667 0.22395833333333334
