0 0.3307291666666667 0.5980902777777778 0.153125 0.22395833333333334
0 0.6890625 0.5737847222222222 0.14895833333333333 0.1440972222222222
3 0.4635416666666667 0.5416666666666666 0.09375 0.0763888888888889
3 0.7859375 0.6189236111111112 0.04479166666666667 0.14756944444444445
5 0.153125 0.5980902777777778 0.30416666666666664 0.2621527777777778
5 0.5473958333333333 0.5607638888888888 0.08229166666666667 0.052083333333333336
5 0.8385416666666666 0.6145833333333334 0.04375 0.059027777777777776
6 0.5036458333333333 0.2543402777777778 0.9947916666666666 0.4947916666666667
6 0.9255208333333333 0.5373263888888888 0.15104166666666666 0.16493055555555555
8 0.503125 0.8862847222222222 0.9958333333333333 0.2309027777777778
8 0.50625 0.6692708333333334 0.20625 0.17881944444444445
8 0.809375 0.7118055555555556 0.38333333333333336 0.10416666666666667
