0 0.3140625 0.5885416666666666 0.146875 0.2361111111111111
0 0.6833333333333333 0.578125 0.15625 0.16319444444444445
3 0.06822916666666666 0.6467013888888888 0.134375 0.703125
3 0.4661458333333333 0.65625 0.20104166666666667 0.6909722222222222
3 0.9276041666666667 0.6536458333333334 0.146875 0.6788194444444444
3 0.5640625 0.7578125 0.011458333333333333 0.005208333333333333
3 0.7911458333333333 0.6180555555555556 0.04895833333333333 0.1423611111111111
5 0.21510416666666668 0.6006944444444444 0.153125 0.3055555555555556
5 0.7484375 0.6171875 0.034375 0.07118055555555555
6 0.15625 0.2456597222222222 0.14791666666666667 0.4670138888888889
6 0.10208333333333333 0.2725694444444444 0.027083333333333334 0.017361111111111112
6 0.5677083333333334 0.4036458333333333 0.1875 0.3385416666666667
6 0.7916666666666666 0.3350694444444444 0.1375 0.6458333333333334
6 0.3260416666666667 0.23958333333333334 0.16458333333333333 0.4340277777777778
8 0.26927083333333335 0.9192708333333334 0.24270833333333333 0.1440972222222222
8 0.68125 0.8125 0.3145833333333333 0.3784722222222222
