4 0.15520833333333334 0.4479166666666667 0.30833333333333335 0.8854166666666666
4 0.8914385416666666 0.3714074652777778 0.21875 0.3038194444444444
5 0.2265625 0.7795138888888888 0.2552083333333333 0.4444444444444444
5 0.8676398958333333 0.6924675347222222 0.26458333333333334 0.17708333333333334
5 0.6307519791666666 0.6067708333333334 0.17620895833333333 0.109375
3 0.3871730208333333 0.5354129340277777 0.09197083333333333 0.07708593749999999
3 0.4952021875 0.6696193576388888 0.13284666666666667 0.33576649305555556
1 0.41857510416666666 0.5611313368055556 0.064203125 0.0506640625
8 0.4875 0.7874024305555555 0.33541666666666664 0.4253472222222222
8 0.8234375 0.8602430555555556 0.35520833333333335 0.2829861111111111
6 0.6604166666666667 0.2916666666666667 0.68125 0.5729166666666666
9 0.06510416666666667 0.4357638888888889 0.06770833333333333 0.2673611111111111
