4 0.15520833333333334 0.4479166666666667 0.30833333333333335 0.8854166666666666
4 0.9005208333333333 0.3671875 0.20104166666666667 0.3142361111111111
5 0.2265625 0.7795138888888888 0.2552083333333333 0.4444444444444444
5 0.8677083333333333 0.6796875 0.26666666666666666 0.234375
5 0.6129219791666666 0.6154513888888888 0.21354166666666666 0.1267361111111111
5 0.44635416666666666 0.5564236111111112 0.078125 0.06076388888888889
3 0.3671875 0.5303819444444444 0.05520833333333333 0.06770833333333333
3 0.4527486458333333 0.5674296006944445 0.04479166666666667 0.1508515625
3 0.6338883333333333 0.6470055555555556 0.08321166666666667 0.3732638888888889
8 0.4875 0.7821180555555556 0.33541666666666664 0.4392361111111111
8 0.8234375 0.8602430555555556 0.35520833333333335 0.2829861111111111
6 0.6604166666666667 0.2743055555555556 0.68125 0.5381944444444444
9 0.06510416666666667 0.4357638888888889 0.06770833333333333 0.2673611111111111
