0 0.13958333333333334 0.4861111111111111 0.06458333333333334 0.1597222222222222
0 0.33229166666666665 0.5503472222222222 0.38125 0.3229166666666667
0 0.484375 0.4418402777777778 0.052083333333333336 0.07118055555555555
1 0.4479166666666667 0.4722222222222222 0.03125 0.03819444444444445
3 0.22135416666666666 0.4670138888888889 0.034375 0.059027777777777776
4 0.24427083333333333 0.22135416666666666 0.48020833333333335 0.4184027777777778
4 0.8041666666666667 0.4305555555555556 0.35 0.8402777777777778
5 0.5994791666666667 0.4609375 0.13854166666666667 0.1753472222222222
5 0.06927083333333334 0.5321180555555556 0.13020833333333334 0.3142361111111111
6 0.1078125 0.3394097222222222 0.10104166666666667 0.19270833333333334
6 0.29739583333333336 0.2621527777777778 0.20729166666666668 0.22569444444444445
6 0.5546875 0.2673611111111111 0.090625 0.5243055555555556
7 0.18802083333333333 0.20052083333333334 0.15729166666666666 0.03298611111111111
8 0.3411458333333333 0.8350694444444444 0.6802083333333333 0.3055555555555556
8 0.5286458333333334 0.5564236111111112 0.171875 0.2170138888888889
9 0.45364583333333336 0.1171875 0.028125 0.029513888888888888
9 0.4546875 0.22135416666666666 0.028125 0.046875
9 0.4583333333333333 0.3359375 0.0375 0.03993055555555555
9 0.4192708333333333 0.09288194444444445 0.028125 0.08159722222222222
9 0.4114583333333333 0.265625 0.04375 0.052083333333333336
9 0.3625 0.1736111111111111 0.04375 0.1076388888888889
9 0.3645833333333333 0.3559027777777778 0.05416666666666667 0.059027777777777776
9 0.415625 0.4001736111111111 0.027083333333333334 0.043402777777777776
9 0.058333333333333334 0.1597222222222222 0.07708333333333334 0.09722222222222222
9 0.640625 0.3845486111111111 0.025 0.0954861111111111
