0 0.33177083333333335 0.5972222222222222 0.15520833333333334 0.2326388888888889
0 0.6895833333333333 0.5737847222222222 0.14791666666666667 0.16145833333333334
3 0.5776041666666667 0.5607638888888888 0.090625 0.1875
3 0.42135416666666664 0.5217013888888888 0.057291666666666664 0.043402777777777776
5 0.14427083333333332 0.6232638888888888 0.284375 0.2673611111111111
5 0.7864583333333334 0.6163194444444444 0.11875 0.04861111111111111
5 0.48854166666666665 0.5442708333333334 0.06875 0.03993055555555555
6 0.5020833333333333 0.2508680555555556 0.9979166666666667 0.4878472222222222
6 0.9192708333333334 0.5338541666666666 0.16354166666666667 0.21354166666666666
8 0.5036458333333333 0.8975694444444444 0.9947916666666666 0.20833333333333334
8 0.509375 0.7048611111111112 0.22083333333333333 0.15625
8 0.46927083333333336 0.5842013888888888 0.11145833333333334 0.07118055555555555
8 0.815625 0.7291666666666666 0.37083333333333335 0.11458333333333333
