4 0.219398125 0.3211805555555556 0.32708333333333334 0.3854166666666667
4 0.5026041666666666 0.3611111111111111 0.14895833333333333 0.2604166666666667
4 0.8661458333333333 0.2881944444444444 0.26979166666666665 0.3020833333333333
5 0.321875 0.5625 0.2791666666666667 0.10069444444444445
5 0.3375 0.5121527777777778 0.1125 0.1527777777777778
5 0.9182291666666667 0.4652777777777778 0.165625 0.23958333333333334
0 0.7619791666666667 0.5286458333333334 0.16145833333333334 0.2065972222222222
0 0.6421875 0.4973958333333333 0.034375 0.03993055555555555
0 0.09895833333333333 0.5251736111111112 0.08958333333333333 0.10590277777777778
3 0.6015625 0.5190972222222222 0.04895833333333333 0.1527777777777778
3 0.8557291666666667 0.5338541666666666 0.071875 0.2517361111111111
3 0.6328125 0.4930555555555556 0.034375 0.0763888888888889
3 0.025 0.5460069444444444 0.04791666666666667 0.2517361111111111
3 0.05625 0.5590277777777778 0.04583333333333333 0.2326388888888889
3 0.4973958333333333 0.5442708333333334 0.03854166666666667 0.14756944444444445
3 0.4661458333333333 0.5364583333333334 0.04479166666666667 0.14930555555555555
3 0.5734375 0.5095486111111112 0.040625 0.1579861111111111
1 0.6026041666666667 0.578125 0.04479166666666667 0.11805555555555555
8 0.49947916666666664 0.8020833333333334 0.996875 0.3993055555555556
8 0.5552083333333333 0.5295138888888888 0.19791666666666666 0.1111111111111111
7 0.21354166666666666 0.4592013888888889 0.1 0.11631944444444445
6 0.026041666666666668 0.2309027777777778 0.05625 0.4513888888888889
6 0.43125 0.2647569444444444 0.14375 0.5052083333333334
6 0.20885416666666667 0.1032986111111111 0.2947916666666667 0.1892361111111111
6 0.28541666666666665 0.32484565972222224 0.16041666666666668 0.263503125
6 0.6260416666666667 0.2378472222222222 0.23125 0.4548611111111111
6 0.8760416666666667 0.09375 0.25 0.18055555555555555
6 0.9536458333333333 0.3350694444444444 0.09479166666666666 0.2777777777777778
9 0.7817708333333333 0.2829861111111111 0.06145833333333333 0.125
