4 0.15677083333333333 0.4409722222222222 0.31145833333333334 0.8611111111111112
4 0.8953125 0.3767361111111111 0.21145833333333333 0.2847222222222222
5 0.23229166666666667 0.7873263888888888 0.23541666666666666 0.4288194444444444
5 0.6322916666666667 0.6126762152777778 0.17083333333333334 0.13020833333333334
5 0.8703125 0.6875 0.26145833333333335 0.2013888888888889
5 0.43628343750000004 0.5572916666666666 0.057983541666666666 0.04861111111111111
3 0.37447916666666664 0.5329861111111112 0.06979166666666667 0.08333333333333333
3 0.41472020833333334 0.5680505208333333 0.04583333333333333 0.1527777777777778
3 0.4527334375 0.5601302083333333 0.04479166666666667 0.12165451388888887
3 0.5219738541666666 0.5771619791666667 0.052083333333333336 0.16058402777777778
3 0.8305429166666667 0.6830013888888888 0.16041666666666668 0.4939173611111111
8 0.45260416666666664 0.7734375 0.2552083333333333 0.4565972222222222
8 0.7864583333333334 0.8315972222222222 0.42291666666666666 0.3229166666666667
6 0.6546875 0.26075885416666666 0.6927083333333334 0.5069444444444444
9 0.07291666666666667 0.4357638888888889 0.07916666666666666 0.2534722222222222
9 0.5177083333333333 0.6145833333333334 0.008333333333333333 0.09027777777777778
