0 0.33489583333333334 0.6006944444444444 0.14895833333333333 0.21180555555555555
0 0.6880208333333333 0.5737847222222222 0.15729166666666666 0.1545138888888889
3 0.46510416666666665 0.5347222222222222 0.090625 0.06944444444444445
3 0.7947916666666667 0.6284722222222222 0.03958333333333333 0.15625
5 0.1515625 0.6128472222222222 0.28854166666666664 0.2361111111111111
5 0.5427083333333333 0.5598958333333334 0.09583333333333334 0.0642361111111111
5 0.8328125 0.6223958333333334 0.036458333333333336 0.050347222222222224
5 0.7520833333333333 0.6102430555555556 0.03333333333333333 0.06076388888888889
6 0.503125 0.2526041666666667 0.9958333333333333 0.4982638888888889
6 0.9223958333333333 0.5477430555555556 0.15729166666666666 0.1996527777777778
8 0.5 0.8923611111111112 1.0 0.21875
8 0.5130208333333334 0.6684027777777778 0.203125 0.20833333333333334
8 0.8119791666666667 0.7239583333333334 0.378125 0.11805555555555555
