2 0.6416666666666667 0.7161458333333334 0.07916666666666666 0.21006944444444445
3 0.4125 0.5494791666666666 0.05 0.1440972222222222
3 0.3645833333333333 0.5277777777777778 0.05625 0.04861111111111111
3 0.5447916666666667 0.6458333333333334 0.09791666666666667 0.3576388888888889
3 0.6515625 0.6475694444444444 0.08854166666666667 0.3506944444444444
3 0.8135416666666667 0.6692708333333334 0.08958333333333333 0.3940972222222222
4 0.15520833333333334 0.3255208333333333 0.30833333333333335 0.6475694444444444
4 0.89375 0.3671875 0.21458333333333332 0.3524305555555556
5 0.23958333333333334 0.7925347222222222 0.24375 0.4114583333333333
5 0.8416666666666667 0.6684027777777778 0.31875 0.21180555555555555
6 0.646875 0.2916666666666667 0.7083333333333334 0.5416666666666666
8 0.6463541666666667 0.8472222222222222 0.7072916666666667 0.3020833333333333
8 0.4015625 0.7682291666666666 0.196875 0.4357638888888889
9 0.0796875 0.3680555555555556 0.06770833333333333 0.1701388888888889
