4 0.2203125 0.3151041666666667 0.334375 0.3871527777777778
4 0.5109375 0.3810763888888889 0.165625 0.296875
4 0.8671875 0.2769097222222222 0.2677083333333333 0.3211805555555556
5 0.2859375 0.5763888888888888 0.253125 0.0763888888888889
5 0.3 0.5121527777777778 0.07708333333333334 0.16319444444444445
5 0.396875 0.5286458333333334 0.14375 0.11284722222222222
5 0.9166666666666666 0.4652777777777778 0.16875 0.21180555555555555
0 0.075 0.5390625 0.13333333333333333 0.1371527777777778
0 0.7614583333333333 0.5277777777777778 0.15833333333333333 0.2152777777777778
3 0.21589124999999998 0.5271798611111111 0.03854166666666667 0.22395833333333334
3 0.23364583333333336 0.5450038194444444 0.059375 0.21354166666666666
3 0.4895833333333333 0.5147569444444444 0.041666666666666664 0.13368055555555555
3 0.5314930208333333 0.5128857638888888 0.03229166666666667 0.11458333333333333
3 0.8630208333333333 0.5338541666666666 0.06770833333333333 0.2517361111111111
3 0.5958333333333333 0.5 0.0375 0.10069444444444445
3 0.6380208333333334 0.5104166666666666 0.03229166666666667 0.09027777777777778
3 0.5666666666666667 0.5086805555555556 0.04583333333333333 0.1388888888888889
1 0.5546875 0.5564236111111112 0.09895833333333333 0.11284722222222222
8 0.503125 0.8133680555555556 0.9958333333333333 0.3767361111111111
8 0.546875 0.5460069444444444 0.24375 0.13368055555555555
7 0.21458333333333332 0.4574652777777778 0.12708333333333333 0.11284722222222222
6 0.5026041666666666 0.2482638888888889 0.996875 0.4930555555555556
9 0.7822916666666667 0.2699652777777778 0.06666666666666667 0.11284722222222222
