0 0.334375 0.5928819444444444 0.15208333333333332 0.2170138888888889
0 0.4546875 0.5520833333333334 0.03854166666666667 0.08680555555555555
3 0.1828125 0.6883680555555556 0.10520833333333333 0.5989583333333334
3 0.766226875 0.5026041666666666 0.4696295833333333 0.9982638888888888
3 0.4895833333333333 0.5668402777777778 0.041666666666666664 0.16145833333333334
5 0.06614583333333333 0.5850694444444444 0.121875 0.2916666666666667
6 0.2838541666666667 0.21614583333333334 0.5447916666666667 0.4079861111111111
6 0.6322916666666667 0.15885416666666666 0.125 0.2725694444444444
8 0.21145833333333333 0.90625 0.4125 0.1909722222222222
8 0.45260416666666664 0.6909722222222222 0.059375 0.15625
