4 0.22864583333333333 0.3133680555555556 0.33645833333333336 0.3871527777777778
4 0.5011920833333333 0.3831019097222222 0.16770833333333332 0.28125
4 0.8765625 0.2534722222222222 0.24895833333333334 0.2986111111111111
5 0.91875 0.4791666666666667 0.16458333333333333 0.2708333333333333
5 0.22135416666666666 0.5842013888888888 0.090625 0.057291666666666664
5 0.3206365625 0.5504822916666667 0.184375 0.10243055555555555
5 0.3171875 0.4756944444444444 0.08645833333333333 0.1111111111111111
5 0.45 0.5121527777777778 0.0625 0.14583333333333334
0 0.7609375 0.5338541666666666 0.16354166666666667 0.2170138888888889
0 0.07395833333333333 0.5338541666666666 0.14583333333333334 0.14756944444444445
0 0.6365045833333334 0.4930555555555556 0.029166666666666667 0.052083333333333336
3 0.7651852083333334 0.53705625 0.06458333333333334 0.2482638888888889
3 0.49730322916666664 0.5054397569444444 0.03854166666666667 0.1111111111111111
3 0.3920370833333333 0.5391590277777778 0.04791666666666667 0.1736111111111111
3 0.6185185416666666 0.5028355902777778 0.06458333333333334 0.10590277777777778
3 0.15589124999999998 0.5485532986111111 0.04895833333333333 0.2065972222222222
3 0.5299305729166667 0.49079852430555554 0.03555552083333333 0.08182864583333332
1 0.5305439583333333 0.5569444444444445 0.042708333333333334 0.0763888888888889
8 0.5005208333333333 0.8038194444444444 0.9989583333333333 0.3784722222222222
7 0.2153935416666667 0.45779322916666665 0.125 0.11458333333333333
6 0.029166666666666667 0.25 0.05 0.4826388888888889
6 0.20729166666666668 0.11197916666666667 0.2916666666666667 0.2065972222222222
6 0.3927083333333333 0.1953125 0.38333333333333336 0.3871527777777778
6 0.7302083333333333 0.20399305555555555 0.05625 0.3975694444444444
6 0.6453125 0.2482638888888889 0.10729166666666666 0.4027777777777778
6 0.8776041666666666 0.09461805555555555 0.24479166666666666 0.18229166666666666
6 0.9583333333333334 0.3003472222222222 0.08541666666666667 0.4652777777777778
9 0.8067708333333333 0.2621527777777778 0.017708333333333333 0.09375
9 0.7765625 0.2890625 0.028125 0.109375
