0 0.33489583333333334 0.6024305555555556 0.165625 0.22569444444444445
0 0.6869791666666667 0.5833333333333334 0.16145833333333334 0.16666666666666666
3 0.4270833333333333 0.5425347222222222 0.04583333333333333 0.057291666666666664
3 0.7927083333333333 0.625 0.03958333333333333 0.1527777777777778
5 0.15260416666666668 0.6163194444444444 0.30104166666666665 0.24305555555555555
5 0.5401041666666667 0.5572916666666666 0.10104166666666667 0.059027777777777776
5 0.75 0.6119791666666666 0.029166666666666667 0.057291666666666664
6 0.5010416666666667 0.2534722222222222 1.0 0.4930555555555556
6 0.5229166666666667 0.5017361111111112 0.15625 0.16319444444444445
6 0.9234375 0.5399305555555556 0.15520833333333334 0.2013888888888889
8 0.5036458333333333 0.8993055555555556 0.9947916666666666 0.2048611111111111
8 0.5052083333333334 0.6805555555555556 0.18541666666666667 0.20833333333333334
8 0.8052083333333333 0.7421875 0.39166666666666666 0.1232638888888889
