0 0.5875 0.5425347222222222 0.05416666666666667 0.06770833333333333
1 0.6171875 0.7951388888888888 0.17604166666666668 0.3680555555555556
3 0.36302083333333335 0.5920138888888888 0.06354166666666666 0.21875
3 0.4395833333333333 0.5520833333333334 0.03333333333333333 0.11458333333333333
4 0.3567708333333333 0.4852430555555556 0.12395833333333334 0.2065972222222222
4 0.5552083333333333 0.4383680555555556 0.14166666666666666 0.17881944444444445
4 0.7625 0.1684027777777778 0.10625 0.18055555555555555
5 0.1390625 0.5217013888888888 0.2760416666666667 0.078125
5 0.8515625 0.7534722222222222 0.2989583333333333 0.4826388888888889
5 0.5166666666666667 0.5512152777777778 0.035416666666666666 0.026041666666666668
6 0.5005208333333333 0.2517361111111111 1.0 0.4965277777777778
7 0.58125 0.4192708333333333 0.07708333333333334 0.043402777777777776
8 0.38177083333333334 0.8576388888888888 0.753125 0.2881944444444444
8 0.5130208333333334 0.6440972222222222 0.290625 0.11805555555555555
9 0.34322916666666664 0.4991319444444444 0.057291666666666664 0.05381944444444445
