2 0.6552083333333333 0.6987847222222222 0.07291666666666667 0.2621527777777778
3 0.6338541666666667 0.6258680555555556 0.09479166666666666 0.3420138888888889
3 0.8098958333333334 0.6666666666666666 0.08229166666666667 0.3576388888888889
3 0.39791666666666664 0.5868055555555556 0.052083333333333336 0.19444444444444445
3 0.44635416666666666 0.5789930555555556 0.05520833333333333 0.19270833333333334
3 0.371875 0.5355902777777778 0.06458333333333334 0.057291666666666664
4 0.153125 0.4322916666666667 0.30625 0.8541666666666666
4 0.8489583333333334 0.4192708333333333 0.30416666666666664 0.4288194444444444
5 0.23229166666666667 0.7708333333333334 0.25 0.4618055555555556
5 0.5578125 0.6154513888888888 0.13229166666666667 0.08506944444444445
5 0.871875 0.7222222222222222 0.25833333333333336 0.1875
6 0.6489583333333333 0.2873263888888889 0.7041666666666667 0.5711805555555556
8 0.528125 0.7734375 0.4875 0.4565972222222222
8 0.8640625 0.8697916666666666 0.27395833333333336 0.2638888888888889
9 0.07395833333333333 0.4357638888888889 0.06458333333333334 0.2638888888888889
