4 0.2171875 0.3324652777777778 0.33645833333333336 0.421875
4 0.5041666666666667 0.3900293402777778 0.14583333333333334 0.2534722222222222
4 0.8677083333333333 0.2734375 0.26666666666666666 0.2864583333333333
5 0.37374166666666664 0.4965277777777778 0.16145833333333334 0.1111111111111111
5 0.3078125 0.5798611111111112 0.20729166666666668 0.0625
5 0.9135416666666667 0.4809027777777778 0.175 0.22569444444444445
0 0.06875 0.5243055555555556 0.13333333333333333 0.12152777777777778
0 0.7736503645833334 0.5190972222222222 0.1349984375 0.2048611111111111
0 0.6473958333333333 0.5121527777777778 0.040625 0.07291666666666667
3 0.7257146875 0.5475720486111111 0.07708333333333334 0.2847222222222222
3 0.7678528124999999 0.5442708333333334 0.05625 0.265625
3 0.6067708333333334 0.5130208333333334 0.040625 0.109375
3 0.548114375 0.5225694444444444 0.03958333333333333 0.1527777777777778
3 0.48604770833333333 0.5163220486111111 0.03333333333333333 0.09722222222222222
3 0.259375 0.5460069444444444 0.052083333333333336 0.2065972222222222
8 0.5041666666666667 0.8125 0.99375 0.3784722222222222
8 0.546875 0.5685763888888888 0.2604166666666667 0.11284722222222222
7 0.21666666666666667 0.4577060763888888 0.13958333333333334 0.11631944444444445
6 0.5026041666666666 0.2421875 0.996875 0.4809027777777778
9 0.7947916666666667 0.2760416666666667 0.025 0.10416666666666667
9 0.7645833333333333 0.3055555555555556 0.029166666666666667 0.09027777777777778
