0 0.33229166666666665 0.5928819444444444 0.14791666666666667 0.234375
0 0.684375 0.5772569444444444 0.14791666666666667 0.16493055555555555
3 0.43645833333333334 0.5199652777777778 0.04791666666666667 0.03993055555555555
3 0.8557291666666667 0.6657986111111112 0.084375 0.4253472222222222
3 0.9546875 0.6423611111111112 0.09270833333333334 0.3680555555555556
5 0.1390625 0.6006944444444444 0.2760416666666667 0.25
5 0.5286458333333334 0.5494791666666666 0.10729166666666666 0.05381944444444445
5 0.765625 0.6119791666666666 0.07291666666666667 0.05381944444444445
5 0.8927083333333333 0.6467013888888888 0.035416666666666666 0.078125
6 0.5020833333333333 0.2404513888888889 0.9979166666666667 0.4704861111111111
6 0.90625 0.5112847222222222 0.03958333333333333 0.046875
6 0.7213541666666666 0.4704861111111111 0.09479166666666666 0.1284722222222222
8 0.5020833333333333 0.8984375 0.9979166666666667 0.2065972222222222
8 0.6541666666666667 0.7456597222222222 0.6645833333333333 0.08506944444444445
8 0.51875 0.6345486111111112 0.19166666666666668 0.109375
