3 0.3645833333333333 0.5234375 0.04583333333333333 0.03993055555555555
3 0.4203125 0.5625 0.07604166666666666 0.15625
3 0.6567708333333333 0.6692708333333334 0.10520833333333333 0.4774305555555556
3 0.8109375 0.6510416666666666 0.09479166666666666 0.3819444444444444
4 0.15729166666666666 0.4375 0.3104166666666667 0.8645833333333334
4 0.88125 0.3480902777777778 0.23958333333333334 0.3559027777777778
5 0.2359375 0.7916666666666666 0.23645833333333333 0.4201388888888889
5 0.9333333333333333 0.6814236111111112 0.13333333333333333 0.22395833333333334
5 0.7453125 0.6527777777777778 0.06145833333333333 0.1909722222222222
5 0.5614583333333333 0.6041666666666666 0.13125 0.1076388888888889
6 0.6411458333333333 0.2751736111111111 0.6677083333333333 0.546875
8 0.46197916666666666 0.7795138888888888 0.334375 0.4444444444444444
8 0.8161458333333333 0.8611111111111112 0.3697916666666667 0.28125
9 0.08177083333333333 0.4366319444444444 0.07604166666666666 0.2552083333333333
