2 0.4046875 0.5902777777777778 0.03854166666666667 0.09375
4 0.15572916666666667 0.4331597222222222 0.303125 0.8489583333333334
4 0.8848958333333333 0.3489583333333333 0.23229166666666667 0.375
5 0.22864583333333333 0.7881944444444444 0.2635416666666667 0.4270833333333333
5 0.8848958333333333 0.7178819444444444 0.23229166666666667 0.21354166666666666
5 0.55 0.6085069444444444 0.10833333333333334 0.11284722222222222
5 0.4515625 0.5711805555555556 0.051041666666666666 0.09027777777777778
3 0.3890625 0.5512152777777778 0.08020833333333334 0.109375
3 0.6255208333333333 0.6171875 0.090625 0.3038194444444444
3 0.7171875 0.6744791666666666 0.109375 0.4461805555555556
8 0.4828125 0.7673611111111112 0.3260416666666667 0.46875
8 0.8270833333333333 0.8420138888888888 0.34791666666666665 0.3194444444444444
6 0.6557291666666667 0.3020833333333333 0.690625 0.59375
9 0.07291666666666667 0.4366319444444444 0.06875 0.2725694444444444
