0 0.3333333333333333 0.5998263888888888 0.1375 0.234375
0 0.7145833333333333 0.6840277777777778 0.38333333333333336 0.3506944444444444
3 0.46041666666666664 0.5677083333333334 0.05 0.1527777777777778
5 0.1515625 0.6302083333333334 0.28229166666666666 0.24305555555555555
6 0.5005208333333333 0.2560763888888889 1.0 0.5017361111111112
6 0.9291666666666667 0.5164930555555556 0.14375 0.11979166666666667
8 0.5015625 0.9314236111111112 0.9989583333333333 0.13368055555555555
8 0.4161458333333333 0.7795138888888888 0.20729166666666668 0.14583333333333334
8 0.46458333333333335 0.6519097222222222 0.08958333333333333 0.09895833333333333
8 0.9484375 0.7907986111111112 0.096875 0.14756944444444445
