0 0.3359375 0.5920138888888888 0.14895833333333333 0.22569444444444445
0 0.6822916666666666 0.5737847222222222 0.14791666666666667 0.140625
0 0.446875 0.5434027777777778 0.05625 0.04513888888888889
3 0.5307291666666667 0.6258680555555556 0.06979166666666667 0.3211805555555556
3 0.7942708333333334 0.6206597222222222 0.042708333333333334 0.13368055555555555
5 0.14375 0.625 0.2916666666666667 0.24305555555555555
6 0.5005208333333333 0.2586805555555556 1.0 0.5069444444444444
6 0.9239583333333333 0.5295138888888888 0.15416666666666667 0.1701388888888889
8 0.5046875 0.8975694444444444 0.9927083333333333 0.20833333333333334
8 0.5145833333333333 0.6883680555555556 0.17916666666666667 0.21006944444444445
8 0.79375 0.7265625 0.36666666666666664 0.13368055555555555
