4 0.21979166666666666 0.3038194444444444 0.33958333333333335 0.3645833333333333
4 0.5098958333333333 0.3550347222222222 0.16354166666666667 0.2482638888888889
4 0.8598958333333333 0.24479166666666666 0.24479166666666666 0.3159722222222222
5 0.2989583333333333 0.5590277777777778 0.25833333333333336 0.09375
5 0.334375 0.4782986111111111 0.10416666666666667 0.10590277777777778
5 0.9020833333333333 0.4565972222222222 0.14791666666666667 0.19444444444444445
0 0.08125 0.5442708333333334 0.12708333333333333 0.13368055555555555
0 0.7671875 0.5321180555555556 0.165625 0.2204861111111111
0 0.6463541666666667 0.4965277777777778 0.036458333333333336 0.0798611111111111
3 0.453125 0.5225694444444444 0.04791666666666667 0.16666666666666666
3 0.49322916666666666 0.5355902777777778 0.04479166666666667 0.16493055555555555
3 0.6197916666666666 0.4939236111111111 0.052083333333333336 0.08854166666666667
3 0.8625 0.5364583333333334 0.06666666666666667 0.2569444444444444
3 0.5676736458333332 0.5420717013888888 0.071875 0.2204861111111111
1 0.5733564583333333 0.5930940972222222 0.08541666666666667 0.13333333333333333
8 0.49947916666666664 0.8081597222222222 1.0 0.3697916666666667
8 0.5515625 0.5512152777777778 0.25104166666666666 0.11979166666666667
7 0.22239583333333332 0.4765625 0.13229166666666667 0.13368055555555555
6 0.027083333333333334 0.2404513888888889 0.05416666666666667 0.4635416666666667
6 0.26510416666666664 0.21961805555555555 0.20729166666666668 0.4322916666666667
6 0.10625 0.1362847222222222 0.10625 0.2552083333333333
6 0.46822916666666664 0.2517361111111111 0.190625 0.5
6 0.8479166666666667 0.20399305555555555 0.30625 0.3975694444444444
6 0.6265625 0.2543402777777778 0.12604166666666666 0.4322916666666667
9 0.8041666666666667 0.2690972222222222 0.020833333333333332 0.1111111111111111
9 0.7614583333333333 0.3107638888888889 0.025 0.09722222222222222
9 0.7822916666666667 0.2994791666666667 0.03333333333333333 0.09895833333333333
