0 0.3416666666666667 0.5989583333333334 0.14791666666666667 0.22916666666666666
0 0.6833333333333333 0.5772569444444444 0.15 0.1545138888888889
0 0.4505208333333333 0.5451388888888888 0.05520833333333333 0.0625
3 0.5166666666666667 0.6623263888888888 0.10416666666666667 0.4635416666666667
3 0.7927083333333333 0.6171875 0.04583333333333333 0.140625
5 0.14479166666666668 0.6258680555555556 0.26666666666666666 0.22743055555555555
5 0.04479166666666667 0.4644097222222222 0.075 0.08854166666666667
6 0.5026041666666666 0.25 0.996875 0.4895833333333333
6 0.9307291666666667 0.5147569444444444 0.140625 0.140625
8 0.5046875 0.9045138888888888 0.9927083333333333 0.19444444444444445
8 0.515625 0.6970486111111112 0.17291666666666666 0.2065972222222222
8 0.80625 0.7369791666666666 0.38958333333333334 0.140625
