2 0.6229166666666667 0.6805555555555556 0.0875 0.22569444444444445
4 0.1484375 0.4453125 0.30104166666666665 0.8802083333333334
4 0.8864583333333333 0.3888888888888889 0.22916666666666666 0.3194444444444444
5 0.228125 0.7795138888888888 0.25625 0.4444444444444444
5 0.7276041666666667 0.6336805555555556 0.109375 0.19444444444444445
5 0.9302083333333333 0.7335069444444444 0.14166666666666666 0.19270833333333334
5 0.4947916666666667 0.5772569444444444 0.18125 0.11284722222222222
3 0.371875 0.5434027777777778 0.058333333333333334 0.1111111111111111
3 0.5427083333333333 0.5807291666666666 0.052083333333333336 0.18229166666666666
3 0.6338541666666667 0.640625 0.08854166666666667 0.3159722222222222
3 0.834375 0.6684027777777778 0.09583333333333334 0.4548611111111111
8 0.4630208333333333 0.7638888888888888 0.31145833333333334 0.4756944444444444
8 0.8020833333333334 0.8498263888888888 0.3854166666666667 0.2864583333333333
6 0.6536458333333334 0.2960069444444444 0.6885416666666667 0.5711805555555556
9 0.07760416666666667 0.4418402777777778 0.08020833333333334 0.265625
