4 0.15208333333333332 0.4322916666666667 0.3020833333333333 0.8541666666666666
4 0.8921875 0.3914930555555556 0.21770833333333334 0.2899305555555556
5 0.2296875 0.7873263888888888 0.2552083333333333 0.4288194444444444
5 0.9331584375 0.7022569444444444 0.13576645833333334 0.22743055555555555
5 0.5834588020833333 0.5954861111111112 0.11691760416666666 0.09375
3 0.36302083333333335 0.5390625 0.03229166666666667 0.08506944444444445
3 0.39114583333333336 0.5546875 0.051041666666666666 0.11631944444444445
3 0.43020833333333336 0.5512152777777778 0.04375 0.11979166666666667
3 0.47239583333333335 0.5477430555555556 0.053125 0.11284722222222222
3 0.51875 0.5555555555555556 0.03958333333333333 0.1076388888888889
3 0.7358234375 0.6527776909722223 0.08854166666666667 0.4424421875
3 0.8352683333333333 0.68560546875 0.08597166666666665 0.3573220486111111
8 0.48125 0.7751736111111112 0.3333333333333333 0.453125
8 0.8192708333333333 0.8559027777777778 0.3614583333333333 0.2743055555555556
6 0.6536458333333334 0.2838541666666667 0.6947916666666667 0.546875
9 0.06354166666666666 0.4418402777777778 0.06666666666666667 0.2690972222222222
