4 0.2984375 0.4288194444444444 0.32395833333333335 0.21875
4 0.5848958333333333 0.4262152777777778 0.15104166666666666 0.2204861111111111
4 0.75625 0.1779513888888889 0.10208333333333333 0.16493055555555555
5 0.8380208333333333 0.7447916666666666 0.3260416666666667 0.5104166666666666
5 0.22734947916666665 0.5423510416666667 0.3416666666666667 0.10069444444444445
5 0.49367020833333336 0.5295138888888888 0.13854166666666667 0.09027777777777778
0 0.5880208333333333 0.5277777777777778 0.06145833333333333 0.09027777777777778
3 0.39885187499999997 0.6793517361111111 0.118248125 0.4136253472222222
1 0.61875 0.7734375 0.16875 0.4565972222222222
8 0.40677083333333336 0.8611111111111112 0.8114583333333333 0.28125
8 0.5265625 0.6326288194444445 0.3177083333333333 0.16319444444444445
7 0.58125 0.4131944444444444 0.08958333333333333 0.052083333333333336
6 0.5010416666666667 0.2847222222222222 1.0 0.5590277777777778
9 0.3416666666666667 0.5 0.07708333333333334 0.0798611111111111
9 0.7328125 0.19010416666666666 0.036458333333333336 0.08854166666666667
