0 0.6848958333333334 0.5729166666666666 0.153125 0.1527777777777778
3 0.3776041666666667 0.6180555555555556 0.24270833333333333 0.7673611111111112
3 0.7963541666666667 0.6206597222222222 0.04479166666666667 0.14756944444444445
3 0.5473958333333333 0.5564236111111112 0.03229166666666667 0.109375
3 0.5114583333333333 0.5555555555555556 0.022916666666666665 0.11805555555555555
4 0.053125 0.3776041666666667 0.10416666666666667 0.2795138888888889
5 0.12760416666666666 0.6510416666666666 0.25104166666666666 0.22569444444444445
6 0.15104166666666666 0.2586805555555556 0.16458333333333333 0.5
6 0.8651041666666667 0.5572916666666666 0.042708333333333334 0.1909722222222222
6 0.9182291666666667 0.5572916666666666 0.04479166666666667 0.1701388888888889
6 0.9765625 0.5520833333333334 0.04895833333333333 0.19444444444444445
6 0.8307291666666666 0.25 0.340625 0.4930555555555556
6 0.5838541666666667 0.3741319444444444 0.18854166666666666 0.421875
6 0.3671875 0.1371527777777778 0.24895833333333334 0.2534722222222222
8 0.13125 0.9131944444444444 0.2520833333333333 0.17708333333333334
8 0.55625 0.8046875 0.15416666666666667 0.3940972222222222
8 0.821875 0.8315972222222222 0.35833333333333334 0.3402777777777778
