0 0.3328125 0.5920138888888888 0.159375 0.24305555555555555
0 0.6848958333333334 0.5763888888888888 0.146875 0.1527777777777778
3 0.5317708333333333 0.5694444444444444 0.053125 0.1597222222222222
3 0.6114583333333333 0.5737847222222222 0.04375 0.14756944444444445
3 0.7859375 0.6206597222222222 0.053125 0.1579861111111111
4 0.06927083333333334 0.3368055555555556 0.11770833333333333 0.3055555555555556
5 0.15260416666666668 0.6414930555555556 0.2947916666666667 0.1857638888888889
5 0.8348958333333333 0.6102430555555556 0.030208333333333334 0.05381944444444445
5 0.45416666666666666 0.5208333333333334 0.06875 0.059027777777777776
6 0.14427083333333332 0.2708333333333333 0.209375 0.53125
6 0.8729166666666667 0.5381944444444444 0.03125 0.21180555555555555
6 0.9223958333333333 0.5564236111111112 0.053125 0.203125
6 0.9838541666666667 0.5798611111111112 0.034375 0.21875
6 0.5677083333333334 0.3116319444444444 0.22708333333333333 0.3836805555555556
6 0.8067708333333333 0.2743055555555556 0.334375 0.5138888888888888
6 0.37395833333333334 0.2890625 0.21458333333333332 0.4010416666666667
8 0.690625 0.8359375 0.525 0.3315972222222222
8 0.22604166666666667 0.9192708333333334 0.45 0.16493055555555555
8 0.4552083333333333 0.5868055555555556 0.08125 0.12152777777777778
