4 0.15052083333333333 0.4409722222222222 0.2989583333333333 0.875
4 0.8973958333333333 0.3984375 0.20729166666666668 0.2899305555555556
5 0.23697916666666666 0.7795138888888888 0.240625 0.4444444444444444
5 0.8713541666666667 0.6875 0.259375 0.2465277777777778
5 0.6236617708333334 0.6206597222222222 0.21458333333333332 0.140625
3 0.3625 0.5381944444444444 0.05416666666666667 0.0763888888888889
3 0.4140548958333333 0.5585019097222222 0.05522354166666667 0.13299618055555557
3 0.4239279166666667 0.5757805555555556 0.05416666666666667 0.17307881944444445
3 0.4614203125 0.6177006944444444 0.06875 0.2465277777777778
8 0.4859375 0.7873263888888888 0.353125 0.4288194444444444
8 0.8265625 0.8550347222222222 0.3489583333333333 0.2934027777777778
6 0.6536458333333334 0.2708333333333333 0.6947916666666667 0.53125
9 0.0734375 0.4322916666666667 0.08020833333333334 0.2708333333333333
