0 0.32708333333333334 0.6067708333333334 0.17708333333333334 0.2482638888888889
0 0.6802083333333333 0.5694444444444444 0.15 0.15625
0 0.8447916666666667 0.6710069444444444 0.3125 0.3246527777777778
3 0.4786458333333333 0.5625 0.042708333333333334 0.12152777777777778
3 0.5520833333333334 0.6154513888888888 0.07083333333333333 0.3072916666666667
3 0.7921875 0.5668402777777778 0.026041666666666668 0.07118055555555555
4 0.058333333333333334 0.3255208333333333 0.11666666666666667 0.234375
5 0.1484375 0.6206597222222222 0.28854166666666664 0.2864583333333333
6 0.14270833333333333 0.2604166666666667 0.18541666666666667 0.5138888888888888
6 0.8119791666666667 0.2560763888888889 0.36354166666666665 0.4947916666666667
6 0.5614583333333333 0.2960069444444444 0.20625 0.3628472222222222
6 0.3494791666666667 0.2734375 0.21770833333333334 0.4010416666666667
8 0.5041666666666667 0.8984375 0.99375 0.2065972222222222
8 0.5411458333333333 0.6805555555555556 0.265625 0.1909722222222222
