0 0.34010416666666665 0.5972222222222222 0.153125 0.21875
0 0.684375 0.5798611111111112 0.15 0.1423611111111111
3 0.44947916666666665 0.5503472222222222 0.04895833333333333 0.12152777777777778
3 0.7911458333333333 0.6258680555555556 0.03854166666666667 0.14756944444444445
5 0.5348958333333333 0.5633680555555556 0.12395833333333334 0.057291666666666664
5 0.15104166666666666 0.625 0.2916666666666667 0.2604166666666667
6 0.503125 0.2612847222222222 0.9958333333333333 0.5086805555555556
6 0.9239583333333333 0.5703125 0.15416666666666667 0.1892361111111111
8 0.5041666666666667 0.9010416666666666 0.99375 0.2013888888888889
8 0.5109375 0.6822916666666666 0.196875 0.2222222222222222
8 0.8083333333333333 0.7291666666666666 0.3854166666666667 0.1284722222222222
