0 0.5895833333333333 0.5451388888888888 0.058333333333333334 0.07291666666666667
1 0.6213541666666667 0.8003472222222222 0.16979166666666667 0.4027777777777778
3 0.3848958333333333 0.5868055555555556 0.05520833333333333 0.21875
3 0.4390625 0.5442708333333334 0.026041666666666668 0.08159722222222222
4 0.3546875 0.4835069444444444 0.13020833333333334 0.19618055555555555
4 0.22708333333333333 0.4192708333333333 0.13125 0.21354166666666666
4 0.5244791666666667 0.4045138888888889 0.23854166666666668 0.28125
4 0.7755208333333333 0.15104166666666666 0.13020833333333334 0.21875
5 0.17395833333333333 0.5381944444444444 0.17291666666666666 0.04513888888888889
5 0.7645833333333333 0.6631944444444444 0.14375 0.22569444444444445
5 0.9229166666666667 0.7751736111111112 0.15625 0.453125
6 0.046875 0.3203125 0.09166666666666666 0.6302083333333334
6 0.19114583333333332 0.2543402777777778 0.178125 0.4913194444444444
6 0.5 0.18836805555555555 0.42083333333333334 0.3559027777777778
6 0.8942708333333333 0.2769097222222222 0.21354166666666666 0.5434027777777778
6 0.7026041666666667 0.4201388888888889 0.17604166666666668 0.2986111111111111
7 0.5776041666666667 0.4157986111111111 0.078125 0.046875
8 0.3776041666666667 0.8602430555555556 0.753125 0.2829861111111111
8 0.8109375 0.9114583333333334 0.090625 0.18055555555555555
8 0.5286458333333334 0.6458333333333334 0.30520833333333336 0.13194444444444445
9 0.3463541666666667 0.4982638888888889 0.06354166666666666 0.06944444444444445
9 0.734375 0.20399305555555555 0.029166666666666667 0.050347222222222224
