0 0.12552083333333333 0.4644097222222222 0.059375 0.09895833333333333
0 0.32395833333333335 0.5503472222222222 0.37083333333333335 0.3090277777777778
0 0.4791666666666667 0.4453125 0.04583333333333333 0.078125
1 0.43802083333333336 0.4774305555555556 0.04479166666666667 0.059027777777777776
3 0.22395833333333334 0.4678819444444444 0.03958333333333333 0.07118055555555555
4 0.24583333333333332 0.2204861111111111 0.4875 0.4236111111111111
4 0.8078125 0.4348958333333333 0.38645833333333335 0.8489583333333334
5 0.5921875 0.4670138888888889 0.153125 0.19791666666666666
5 0.06822916666666666 0.5407986111111112 0.13229166666666667 0.296875
6 0.10364583333333334 0.3220486111111111 0.115625 0.1684027777777778
6 0.2942708333333333 0.265625 0.19479166666666667 0.21875
6 0.5625 0.2890625 0.12083333333333333 0.5572916666666666
7 0.19270833333333334 0.1987847222222222 0.16458333333333333 0.046875
8 0.34479166666666666 0.8064236111111112 0.6875 0.328125
8 0.4973958333333333 0.5347222222222222 0.165625 0.18055555555555555
9 0.0578125 0.15711805555555555 0.078125 0.0920138888888889
9 0.45625 0.11979166666666667 0.025 0.027777777777777776
9 0.45416666666666666 0.22395833333333334 0.029166666666666667 0.03125
9 0.46041666666666664 0.3368055555555556 0.041666666666666664 0.034722222222222224
9 0.36770833333333336 0.1909722222222222 0.05416666666666667 0.11458333333333333
9 0.41875 0.08940972222222222 0.022916666666666665 0.06076388888888889
9 0.4171875 0.2630208333333333 0.030208333333333334 0.0954861111111111
9 0.36041666666666666 0.3697916666666667 0.0375 0.06597222222222222
9 0.41302083333333334 0.3975694444444444 0.030208333333333334 0.04513888888888889
9 0.6375 0.3958333333333333 0.025 0.09375
