2 0.6505208333333333 0.7239583333333334 0.05520833333333333 0.19791666666666666
3 0.36302083333333335 0.5381944444444444 0.04895833333333333 0.07291666666666667
3 0.4244791666666667 0.5954861111111112 0.07604166666666666 0.2222222222222222
3 0.65 0.6345486111111112 0.07708333333333334 0.3385416666666667
3 0.8151041666666666 0.6684027777777778 0.08020833333333334 0.3680555555555556
4 0.14479166666666668 0.3741319444444444 0.28541666666666665 0.7378472222222222
4 0.8864583333333333 0.3263888888888889 0.2 0.2326388888888889
5 0.22864583333333333 0.8064236111111112 0.24479166666666666 0.3767361111111111
5 0.728125 0.6319444444444444 0.0875 0.16319444444444445
5 0.9223958333333333 0.7109375 0.15729166666666666 0.1857638888888889
5 0.5473958333333333 0.5920138888888888 0.13854166666666667 0.1076388888888889
6 0.6484375 0.2795138888888889 0.7052083333333333 0.5416666666666666
8 0.4901041666666667 0.7829861111111112 0.3385416666666667 0.4375
8 0.8338541666666667 0.8506944444444444 0.334375 0.3020833333333333
9 0.07135416666666666 0.4453125 0.05520833333333333 0.2725694444444444
