4 0.15520833333333334 0.4479166666666667 0.30833333333333335 0.8854166666666666
4 0.8914385416666666 0.3714074652777778 0.21875 0.3038194444444444
5 0.2265625 0.7795138888888888 0.2552083333333333 0.4444444444444444
5 0.8676398958333333 0.6924675347222222 0.26458333333333334 0.17708333333333334
5 0.6592571354166666 0.6197916666666666 0.13102947916666668 0.13541666666666666
5 0.465625 0.5625 0.0625 0.04861111111111111
3 0.3870209375 0.5350644097222221 0.09166666666666666 0.0763888888888889
3 0.5433774479166666 0.7109818576388888 0.16788322916666668 0.43309010416666666
1 0.40542125 0.5609729166666667 0.058333333333333334 0.050347222222222224
8 0.4875 0.7874024305555555 0.33541666666666664 0.4253472222222222
8 0.8234375 0.8602430555555556 0.35520833333333335 0.2829861111111111
6 0.6604166666666667 0.2916666666666667 0.68125 0.5729166666666666
9 0.06510416666666667 0.4357638888888889 0.06770833333333333 0.2673611111111111
