0 0.3390625 0.6006944444444444 0.15104166666666666 0.2222222222222222
0 0.6927083333333334 0.5703125 0.13125 0.13368055555555555
3 0.42864583333333334 0.5347222222222222 0.04895833333333333 0.06944444444444445
3 0.5067708333333333 0.5902777777777778 0.042708333333333334 0.1736111111111111
3 0.5583333333333333 0.5833333333333334 0.03958333333333333 0.1840277777777778
3 0.6166666666666667 0.5859375 0.04791666666666667 0.203125
3 0.665625 0.5876736111111112 0.03958333333333333 0.1684027777777778
3 0.90625 0.6015625 0.052083333333333336 0.1996527777777778
5 0.15052083333333333 0.6223958333333334 0.290625 0.2517361111111111
5 0.7963541666666667 0.6059027777777778 0.128125 0.059027777777777776
6 0.5026041666666666 0.2560763888888889 0.996875 0.5017361111111112
6 0.8822916666666667 0.5581597222222222 0.2375 0.22395833333333334
8 0.5015625 0.8914930555555556 0.9989583333333333 0.2204861111111111
8 0.6598958333333333 0.7135416666666666 0.6697916666666667 0.1111111111111111
8 0.484375 0.5920138888888888 0.15416666666666667 0.09722222222222222
