0 0.3359375 0.5894097222222222 0.14270833333333333 0.21006944444444445
0 0.6791666666666667 0.5798611111111112 0.14791666666666667 0.15625
3 0.4395833333333333 0.5425347222222222 0.035416666666666666 0.06770833333333333
3 0.5088541666666667 0.5546875 0.023958333333333335 0.0954861111111111
3 0.4791666666666667 0.546875 0.025 0.08680555555555555
3 0.7942708333333334 0.6197916666666666 0.036458333333333336 0.1388888888888889
3 0.6015625 0.5607638888888888 0.019791666666666666 0.06944444444444445
5 0.14791666666666667 0.6414930555555556 0.29375 0.1753472222222222
5 0.0546875 0.4930555555555556 0.10104166666666667 0.12152777777777778
6 0.10572916666666667 0.2725694444444444 0.203125 0.5277777777777778
6 0.609375 0.2569444444444444 0.7833333333333333 0.4930555555555556
6 0.8692708333333333 0.5546875 0.03854166666666667 0.1857638888888889
6 0.9203125 0.5598958333333334 0.046875 0.1857638888888889
6 0.978125 0.5746527777777778 0.04583333333333333 0.23958333333333334
8 0.5015625 0.90625 0.9989583333333333 0.1909722222222222
8 0.6682291666666667 0.7465277777777778 0.6385416666666667 0.1076388888888889
8 0.5078125 0.6223958333333334 0.18645833333333334 0.11284722222222222
