0 0.3328125 0.5954861111111112 0.15104166666666666 0.21180555555555555
0 0.7833333333333333 0.7404513888888888 0.4354166666666667 0.5225694444444444
3 0.46041666666666664 0.5746527777777778 0.05625 0.125
3 0.5947916666666667 0.5529513888888888 0.05 0.09895833333333333
3 0.41354166666666664 0.5269097222222222 0.0375 0.029513888888888888
5 0.15052083333333333 0.6041666666666666 0.278125 0.22569444444444445
6 0.5015625 0.2465277777777778 0.9989583333333333 0.4756944444444444
6 0.5229166666666667 0.5086805555555556 0.10833333333333334 0.14583333333333334
8 0.2890625 0.8888888888888888 0.5760416666666667 0.21180555555555555
8 0.49166666666666664 0.6788194444444444 0.14375 0.19444444444444445
