2 0.375 0.5711805555555556 0.0375 0.0763888888888889
4 0.15885416666666666 0.4470486111111111 0.315625 0.8732638888888888
4 0.8828125 0.3793402777777778 0.23645833333333333 0.3385416666666667
5 0.22604166666666667 0.7873263888888888 0.24583333333333332 0.4288194444444444
5 0.8614583333333333 0.7100694444444444 0.2791666666666667 0.2361111111111111
5 0.6291666666666667 0.6119791666666666 0.0625 0.1267361111111111
5 0.51875 0.5876736111111112 0.04791666666666667 0.07465277777777778
3 0.3723958333333333 0.5347222222222222 0.057291666666666664 0.10069444444444445
3 0.43697916666666664 0.5503472222222222 0.030208333333333334 0.1111111111111111
3 0.4765625 0.5720486111111112 0.06145833333333333 0.1857638888888889
3 0.5869791666666667 0.5954861111111112 0.08020833333333334 0.2326388888888889
3 0.68125 0.6154513888888888 0.06458333333333334 0.2309027777777778
8 0.4765625 0.7760416666666666 0.2989583333333333 0.4513888888888889
8 0.8171875 0.8463541666666666 0.36770833333333336 0.3107638888888889
6 0.6614583333333334 0.3072916666666667 0.6791666666666667 0.5972222222222222
9 0.06875 0.4487847222222222 0.075 0.2795138888888889
