0 0.3380208333333333 0.5954861111111112 0.15520833333333334 0.22569444444444445
0 0.6848958333333334 0.5885416666666666 0.15104166666666666 0.16319444444444445
3 0.5328125 0.5581597222222222 0.05520833333333333 0.10243055555555555
3 0.471875 0.5529513888888888 0.04791666666666667 0.10243055555555555
3 0.421875 0.5295138888888888 0.03333333333333333 0.05555555555555555
5 0.14322916666666666 0.6145833333333334 0.28229166666666666 0.2465277777777778
5 0.7947916666666667 0.6111111111111112 0.12083333333333333 0.04861111111111111
6 0.5015625 0.2482638888888889 0.9989583333333333 0.4930555555555556
6 0.9213541666666667 0.5451388888888888 0.159375 0.1840277777777778
8 0.5015625 0.8993055555555556 0.9989583333333333 0.2048611111111111
8 0.671875 0.7369791666666666 0.65 0.0954861111111111
8 0.5046875 0.6171875 0.18645833333333334 0.11979166666666667
