4 0.22864583333333333 0.3133680555555556 0.33645833333333336 0.3871527777777778
4 0.5046875 0.3524305555555556 0.14895833333333333 0.2361111111111111
4 0.8765625 0.2534722222222222 0.24895833333333334 0.2986111111111111
5 0.3364930729166667 0.5137924479166667 0.10201385416666667 0.1734182291666667
5 0.91875 0.4644097222222222 0.16458333333333333 0.24131944444444445
5 0.2765625 0.5694444444444444 0.178125 0.0763888888888889
0 0.646875 0.4956597222222222 0.04375 0.06076388888888889
0 0.7609375 0.5338541666666666 0.16354166666666667 0.2170138888888889
0 0.08333333333333333 0.5381944444444444 0.13541666666666666 0.11805555555555555
3 0.11946760416666667 0.5579667534722222 0.065 0.24085642361111115
3 0.8572916666666667 0.5425347222222222 0.06875 0.2690972222222222
3 0.39108791666666665 0.5449266493055556 0.05416666666666667 0.22966822916666668
3 0.48379625 0.5239776041666667 0.05 0.19618055555555555
3 0.43972218750000003 0.5481674479166667 0.041666666666666664 0.1984953125
3 0.6125 0.4973958333333333 0.052083333333333336 0.10590277777777778
3 0.5745602083333333 0.5016010416666666 0.029166666666666667 0.109375
1 0.11413192708333335 0.63630390625 0.12048614583333334 0.21481475694444443
8 0.5005208333333333 0.8038194444444444 0.9989583333333333 0.3784722222222222
7 0.22708333333333333 0.4609375 0.12291666666666666 0.11631944444444445
6 0.029166666666666667 0.25 0.05 0.4826388888888889
6 0.20729166666666668 0.11197916666666667 0.2916666666666667 0.2065972222222222
6 0.4010416666666667 0.234375 0.37083333333333335 0.4652777777777778
6 0.7302083333333333 0.20399305555555555 0.05625 0.3975694444444444
6 0.6453125 0.2586805555555556 0.10729166666666666 0.4236111111111111
6 0.8776041666666666 0.09461805555555555 0.24479166666666666 0.18229166666666666
6 0.9583333333333334 0.3003472222222222 0.08541666666666667 0.4652777777777778
9 0.8067708333333333 0.2621527777777778 0.017708333333333333 0.09375
9 0.7765625 0.2890625 0.028125 0.109375
