0 0.3390625 0.5972222222222222 0.153125 0.21875
0 0.6880208333333333 0.5737847222222222 0.15729166666666666 0.140625
3 0.44583333333333336 0.5494791666666666 0.05 0.0954861111111111
3 0.7916666666666666 0.6154513888888888 0.04583333333333333 0.13020833333333334
5 0.1453125 0.6171875 0.2864583333333333 0.24131944444444445
5 0.5416666666666666 0.5607638888888888 0.07916666666666666 0.04513888888888889
5 0.7458333333333333 0.6032986111111112 0.025 0.046875
5 0.8369791666666667 0.6154513888888888 0.030208333333333334 0.050347222222222224
6 0.5041666666666667 0.2552083333333333 0.99375 0.4895833333333333
6 0.9239583333333333 0.5364583333333334 0.15416666666666667 0.19444444444444445
8 0.5015625 0.8958333333333334 0.9989583333333333 0.21180555555555555
8 0.5166666666666667 0.6857638888888888 0.20208333333333334 0.1840277777777778
8 0.8125 0.7248263888888888 0.3770833333333333 0.13020833333333334
