0 0.33125 0.6076388888888888 0.1625 0.2326388888888889
0 0.6848958333333334 0.5755208333333334 0.14895833333333333 0.1579861111111111
3 0.4921875 0.6631944444444444 0.103125 0.4618055555555556
3 0.5838541666666667 0.578125 0.036458333333333336 0.1875
3 0.6817708333333333 0.6067708333333334 0.05520833333333333 0.2552083333333333
3 0.7729166666666667 0.6171875 0.058333333333333334 0.2760416666666667
3 0.88125 0.6866319444444444 0.08541666666666667 0.484375
4 0.059375 0.3446180555555556 0.10833333333333334 0.2204861111111111
5 0.15104166666666666 0.6102430555555556 0.2916666666666667 0.265625
6 0.15625 0.24305555555555555 0.18958333333333333 0.4618055555555556
6 0.8291666666666667 0.2361111111111111 0.34375 0.4479166666666667
6 0.9567708333333333 0.5807291666666666 0.08645833333333333 0.2517361111111111
6 0.459375 0.22569444444444445 0.39791666666666664 0.4340277777777778
8 0.5026041666666666 0.8993055555555556 0.996875 0.1840277777777778
8 0.6083333333333333 0.7109375 0.4270833333333333 0.1232638888888889
