0 0.3385416666666667 0.6067708333333334 0.15625 0.234375
0 0.6864583333333333 0.5833333333333334 0.15625 0.16319444444444445
1 0.515625 0.5946180555555556 0.07083333333333333 0.10243055555555555
3 0.4635416666666667 0.5772569444444444 0.05 0.1545138888888889
3 0.5192708333333333 0.5581597222222222 0.046875 0.109375
3 0.9260416666666667 0.6579861111111112 0.09166666666666666 0.3888888888888889
3 0.4088541666666667 0.5407986111111112 0.042708333333333334 0.0642361111111111
3 0.6026041666666667 0.5590277777777778 0.017708333333333333 0.052083333333333336
5 0.15260416666666668 0.5920138888888888 0.30104166666666665 0.2916666666666667
5 0.7973958333333333 0.6171875 0.12604166666666666 0.050347222222222224
6 0.5015625 0.3003472222222222 0.9989583333333333 0.59375
8 0.5015625 0.8940972222222222 0.9989583333333333 0.2152777777777778
8 0.684375 0.703125 0.6104166666666667 0.1388888888888889
8 0.5026041666666666 0.5902777777777778 0.153125 0.06597222222222222
