4 0.15520833333333334 0.4357638888888889 0.30833333333333335 0.8611111111111112
4 0.8869791666666667 0.3368055555555556 0.228125 0.2916666666666667
5 0.22708333333333333 0.7890625 0.26875 0.4253472222222222
5 0.6223958333333334 0.6145833333333334 0.190625 0.1284722222222222
5 0.7697916666666667 0.6979166666666666 0.06875 0.0798611111111111
3 0.3671875 0.5434027777777778 0.021875 0.08333333333333333
3 0.40572916666666664 0.5529513888888888 0.06145833333333333 0.11284722222222222
3 0.48020833333333335 0.5572916666666666 0.04375 0.13541666666666666
3 0.5130208333333334 0.5477430555555556 0.046875 0.10590277777777778
3 0.8442708333333333 0.7013888888888888 0.165625 0.5798611111111112
3 0.95 0.7100694444444444 0.10208333333333333 0.4548611111111111
8 0.5057291666666667 0.78125 0.378125 0.4409722222222222
8 0.840625 0.8697916666666666 0.32083333333333336 0.2638888888888889
6 0.6604166666666667 0.2847222222222222 0.68125 0.5590277777777778
9 0.06979166666666667 0.4340277777777778 0.07083333333333333 0.2673611111111111
