0 0.3265625 0.5989583333333334 0.16145833333333334 0.23958333333333334
0 0.6869791666666667 0.5807291666666666 0.14270833333333333 0.1579861111111111
0 0.47291666666666665 0.5494791666666666 0.07083333333333333 0.08159722222222222
3 0.6 0.5685763888888888 0.020833333333333332 0.0642361111111111
3 0.7885416666666667 0.6189236111111112 0.04375 0.1371527777777778
4 0.057291666666666664 0.3506944444444444 0.11041666666666666 0.2326388888888889
5 0.1484375 0.6180555555555556 0.2864583333333333 0.2361111111111111
6 0.15503473958333333 0.23508871527777778 0.15243052083333333 0.44934409722222224
6 0.5739583333333333 0.3159722222222222 0.22083333333333333 0.3402777777777778
6 0.8192708333333333 0.2526041666666667 0.36354166666666665 0.4947916666666667
6 0.8635416666666667 0.5703125 0.0375 0.1996527777777778
6 0.9171875 0.5685763888888888 0.051041666666666666 0.17881944444444445
6 0.9786458333333333 0.5737847222222222 0.04479166666666667 0.203125
6 0.3484375 0.2803819444444444 0.21979166666666666 0.3732638888888889
8 0.49895833333333334 0.8819444444444444 1.0 0.23958333333333334
8 0.5239583333333333 0.7777777777777778 0.19375 0.3854166666666667
8 0.803125 0.8333333333333334 0.35 0.3090277777777778
