4 0.15729166666666666 0.4340277777777778 0.3125 0.8611111111111112
4 0.8885416666666667 0.3315972222222222 0.225 0.23958333333333334
5 0.234375 0.78125 0.24375 0.4409722222222222
5 0.6885416666666667 0.6258680555555556 0.20208333333333334 0.1857638888888889
5 0.9567708333333333 0.7022569444444444 0.08854166666666667 0.2204861111111111
5 0.49322916666666666 0.5772569444444444 0.040625 0.06770833333333333
3 0.36822916666666666 0.5347222222222222 0.065625 0.0763888888888889
3 0.43020833333333336 0.5789930555555556 0.04583333333333333 0.1753472222222222
3 0.4635416666666667 0.5625 0.0375 0.11805555555555555
3 0.5484375 0.6380208333333334 0.084375 0.3003472222222222
3 0.840625 0.7100694444444444 0.19583333333333333 0.5833333333333334
8 0.4973958333333333 0.7769097222222222 0.346875 0.4496527777777778
8 0.828125 0.8480902777777778 0.3458333333333333 0.3072916666666667
6 0.6515625 0.2725694444444444 0.6989583333333333 0.5416666666666666
9 0.0703125 0.4331597222222222 0.071875 0.2725694444444444
