0 0.32708333333333334 0.5963541666666666 0.15625 0.2204861111111111
0 0.6927083333333334 0.5720486111111112 0.15625 0.16145833333333334
3 0.6 0.5607638888888888 0.027083333333333334 0.06944444444444445
3 0.484375 0.5477430555555556 0.04583333333333333 0.06076388888888889
3 0.4265625 0.53125 0.03854166666666667 0.03819444444444445
3 0.7885416666666667 0.6206597222222222 0.029166666666666667 0.1440972222222222
4 0.06041666666666667 0.3828125 0.11458333333333333 0.296875
5 0.14895833333333333 0.6510416666666666 0.29791666666666666 0.20833333333333334
5 0.8510416666666667 0.6197916666666666 0.035416666666666666 0.034722222222222224
5 0.7463541666666667 0.6085069444444444 0.034375 0.05381944444444445
5 0.5453125 0.5581597222222222 0.059375 0.0642361111111111
6 0.13854166666666667 0.2560763888888889 0.16458333333333333 0.4913194444444444
6 0.5578125 0.3237847222222222 0.190625 0.296875
6 0.8260416666666667 0.2586805555555556 0.35 0.5
6 0.8625 0.5425347222222222 0.04375 0.1545138888888889
6 0.9192708333333334 0.5451388888888888 0.042708333333333334 0.14930555555555555
6 0.9770833333333333 0.5564236111111112 0.04791666666666667 0.1684027777777778
6 0.3463541666666667 0.2586805555555556 0.22395833333333334 0.4027777777777778
6 0.5229166666666667 0.08333333333333333 0.23541666666666666 0.13541666666666666
8 0.5036458333333333 0.9027777777777778 0.9947916666666666 0.19791666666666666
8 0.5197916666666667 0.7838541666666666 0.17916666666666667 0.4357638888888889
8 0.809375 0.8385416666666666 0.38333333333333336 0.3263888888888889
