0 0.33177083333333335 0.59375 0.159375 0.21180555555555555
0 0.6828125 0.5807291666666666 0.14270833333333333 0.16145833333333334
3 0.503125 0.5607638888888888 0.06458333333333334 0.12152777777777778
3 0.43072916666666666 0.5286458333333334 0.04479166666666667 0.03993055555555555
3 0.9177083333333333 0.6805555555555556 0.1 0.4652777777777778
5 0.14479166666666668 0.6302083333333334 0.28958333333333336 0.24305555555555555
5 0.790625 0.609375 0.11041666666666666 0.05555555555555555
5 0.55625 0.5572916666666666 0.07291666666666667 0.059027777777777776
6 0.5010416666666667 0.24913194444444445 1.0 0.4947916666666667
8 0.5026041666666666 0.8949652777777778 0.996875 0.21354166666666666
8 0.6838541666666667 0.7196180555555556 0.6260416666666667 0.109375
8 0.5140625 0.5989583333333334 0.16770833333333332 0.10069444444444445
