0 0.33697916666666666 0.5928819444444444 0.14895833333333333 0.21354166666666666
0 0.7057291666666666 0.5798611111111112 0.121875 0.1423611111111111
1 0.5911458333333334 0.7526041666666666 0.12395833333333334 0.3072916666666667
3 0.45416666666666666 0.5503472222222222 0.05 0.125
3 0.6109375 0.5677083333333334 0.12395833333333334 0.1875
3 0.7880208333333333 0.6197916666666666 0.034375 0.14930555555555555
5 0.146875 0.6319444444444444 0.2791666666666667 0.2048611111111111
5 0.05677083333333333 0.4835069444444444 0.10104166666666667 0.08854166666666667
5 0.7494791666666667 0.6119791666666666 0.028125 0.057291666666666664
5 0.509375 0.5581597222222222 0.05625 0.026041666666666668
6 0.5020833333333333 0.2526041666666667 0.9979166666666667 0.4809027777777778
6 0.9161458333333333 0.53125 0.16979166666666667 0.2152777777777778
8 0.5041666666666667 0.9027777777777778 0.99375 0.19791666666666666
8 0.4796875 0.6987847222222222 0.11979166666666667 0.203125
8 0.8307291666666666 0.7352430555555556 0.340625 0.1267361111111111
