2 0.37864583333333335 0.5894097222222222 0.042708333333333334 0.078125
4 0.159375 0.4375 0.31666666666666665 0.8541666666666666
4 0.8859375 0.3715277777777778 0.23020833333333332 0.3125
5 0.21770833333333334 0.7829861111111112 0.25 0.4375
5 0.8677083333333333 0.7126736111111112 0.26666666666666666 0.1996527777777778
5 0.4510416666666667 0.5711805555555556 0.0625 0.09027777777777778
3 0.3765625 0.5321180555555556 0.05520833333333333 0.08506944444444445
3 0.5489583333333333 0.6180555555555556 0.0875 0.3090277777777778
3 0.6265625 0.6180555555555556 0.09270833333333334 0.3020833333333333
3 0.7104166666666667 0.6284722222222222 0.07291666666666667 0.24305555555555555
8 0.4166666666666667 0.7690972222222222 0.19375 0.4652777777777778
8 0.7609375 0.8185763888888888 0.48020833333333335 0.3663194444444444
6 0.6567708333333333 0.2829861111111111 0.6885416666666667 0.5590277777777778
9 0.071875 0.4279513888888889 0.06666666666666667 0.265625
