0 0.3375 0.5894097222222222 0.14583333333333334 0.21354166666666666
0 0.6838541666666667 0.5772569444444444 0.14479166666666668 0.15104166666666666
3 0.5109375 0.5460069444444444 0.023958333333333335 0.08854166666666667
3 0.4817708333333333 0.5399305555555556 0.021875 0.08680555555555555
3 0.43385416666666665 0.5260416666666666 0.04479166666666667 0.04513888888888889
3 0.7859375 0.6215277777777778 0.03854166666666667 0.14583333333333334
3 0.603125 0.5659722222222222 0.01875 0.059027777777777776
5 0.14114583333333333 0.6284722222222222 0.28020833333333334 0.2048611111111111
5 0.049479166666666664 0.4704861111111111 0.09479166666666666 0.09722222222222222
5 0.103125 0.2326388888888889 0.20416666666666666 0.4409722222222222
5 0.865625 0.5277777777777778 0.04583333333333333 0.19444444444444445
5 0.9213541666666667 0.5425347222222222 0.04895833333333333 0.17881944444444445
5 0.9796875 0.5503472222222222 0.042708333333333334 0.19444444444444445
5 0.45 0.24479166666666666 0.4708333333333333 0.4791666666666667
5 0.8067708333333333 0.2560763888888889 0.3885416666666667 0.4809027777777778
8 0.49947916666666664 0.9010416666666666 1.0 0.2013888888888889
8 0.5963541666666666 0.7230902777777778 0.396875 0.140625
8 0.509375 0.6024305555555556 0.15416666666666667 0.08333333333333333
