0 0.33958333333333335 0.5980902777777778 0.14375 0.2170138888888889
0 0.6807291666666667 0.5703125 0.146875 0.140625
3 0.5005208333333333 0.5824652777777778 0.05520833333333333 0.1892361111111111
3 0.5463541666666667 0.5798611111111112 0.042708333333333334 0.18055555555555555
3 0.5791666666666667 0.6015625 0.06041666666666667 0.2204861111111111
3 0.6552083333333333 0.5894097222222222 0.052083333333333336 0.234375
3 0.7083333333333334 0.59375 0.06041666666666667 0.2048611111111111
3 0.9041666666666667 0.6102430555555556 0.04791666666666667 0.2170138888888889
3 0.428125 0.5234375 0.06041666666666667 0.05381944444444445
5 0.14375 0.6024305555555556 0.2875 0.2743055555555556
5 0.784375 0.6111111111111112 0.10625 0.04861111111111111
6 0.5015625 0.2517361111111111 0.9989583333333333 0.4861111111111111
6 0.9208333333333333 0.5399305555555556 0.16041666666666668 0.1875
8 0.5015625 0.9097222222222222 0.9989583333333333 0.1840277777777778
8 0.6921875 0.7369791666666666 0.6114583333333333 0.13368055555555555
8 0.45260416666666664 0.59375 0.059375 0.12152777777777778
