0 0.3338541666666667 0.5989583333333334 0.14895833333333333 0.2326388888888889
0 0.6822916666666666 0.5711805555555556 0.15416666666666667 0.14930555555555555
3 0.5505208333333333 0.5572916666666666 0.030208333333333334 0.1284722222222222
3 0.5052083333333334 0.5564236111111112 0.029166666666666667 0.1232638888888889
3 0.4375 0.53125 0.06666666666666667 0.05555555555555555
5 0.14583333333333334 0.6267361111111112 0.28958333333333336 0.2361111111111111
5 0.7942708333333334 0.6154513888888888 0.121875 0.06076388888888889
6 0.5015625 0.2612847222222222 0.9989583333333333 0.5121527777777778
6 0.9135416666666667 0.5086805555555556 0.175 0.1909722222222222
8 0.5020833333333333 0.8932291666666666 0.9979166666666667 0.2170138888888889
8 0.50625 0.6675347222222222 0.18958333333333333 0.19618055555555555
8 0.8052083333333333 0.71875 0.39166666666666666 0.11458333333333333
