4 0.15364583333333334 0.4557291666666667 0.30520833333333336 0.9045138888888888
4 0.8885416666666667 0.3472222222222222 0.225 0.3055555555555556
5 0.22864583333333333 0.7760416666666666 0.24270833333333333 0.4513888888888889
5 0.6041666666666666 0.6032986111111112 0.23125 0.15104166666666666
5 0.8015625 0.6449652777777778 0.13229166666666667 0.16145833333333334
3 0.3776041666666667 0.5286458333333334 0.06770833333333333 0.0642361111111111
3 0.45729166666666665 0.5572916666666666 0.07083333333333333 0.15625
3 0.9338541666666667 0.6961805555555556 0.134375 0.6111111111111112
1 0.8359375 0.8585069444444444 0.3302083333333333 0.2864583333333333
8 0.48072916666666665 0.7699652777777778 0.31979166666666664 0.4635416666666667
8 0.7604166666666666 0.8506944444444444 0.2625 0.3020833333333333
6 0.6520833333333333 0.2864583333333333 0.6916666666666667 0.5520833333333334
9 0.06875 0.4288194444444444 0.075 0.2673611111111111
