0 0.33177083333333335 0.5998263888888888 0.15729166666666666 0.234375
0 0.5130208333333334 0.5729166666666666 0.09895833333333333 0.11805555555555555
0 0.6838541666666667 0.5746527777777778 0.16354166666666667 0.14583333333333334
3 0.44375 0.5373263888888888 0.014583333333333334 0.07118055555555555
3 0.79375 0.6223958333333334 0.041666666666666664 0.1232638888888889
4 0.059895833333333336 0.3498263888888889 0.11145833333333334 0.2725694444444444
5 0.14322916666666666 0.6267361111111112 0.278125 0.22916666666666666
5 0.8354166666666667 0.6067708333333334 0.020833333333333332 0.057291666666666664
5 0.578125 0.5633680555555556 0.03333333333333333 0.05381944444444445
6 0.13125 0.2586805555555556 0.16041666666666668 0.5104166666666666
6 0.5729166666666666 0.3203125 0.20208333333333334 0.3489583333333333
6 0.8125 0.2586805555555556 0.3645833333333333 0.5
6 0.8692708333333333 0.5407986111111112 0.03854166666666667 0.1753472222222222
6 0.9182291666666667 0.5572916666666666 0.03854166666666667 0.2048611111111111
6 0.9770833333333333 0.5685763888888888 0.04791666666666667 0.2065972222222222
6 0.3380208333333333 0.24479166666666666 0.23020833333333332 0.4583333333333333
8 0.5041666666666667 0.9045138888888888 0.99375 0.19444444444444445
8 0.5729166666666666 0.6935763888888888 0.30833333333333335 0.2204861111111111
