0 0.3375 0.5928819444444444 0.15416666666666667 0.22743055555555555
0 0.7026041666666667 0.5885416666666666 0.08854166666666667 0.16319444444444445
1 0.95 0.8689236111111112 0.10208333333333333 0.265625
3 0.5067708333333333 0.6623263888888888 0.10104166666666667 0.390625
3 0.428125 0.5208333333333334 0.06875 0.059027777777777776
3 0.6401041666666667 0.6336805555555556 0.08020833333333334 0.3576388888888889
3 0.7276041666666667 0.6467013888888888 0.08645833333333333 0.3767361111111111
3 0.8083333333333333 0.6128472222222222 0.04583333333333333 0.2361111111111111
3 0.8552083333333333 0.6987847222222222 0.09583333333333334 0.4184027777777778
3 0.9067708333333333 0.5998263888888888 0.051041666666666666 0.1996527777777778
5 0.15052083333333333 0.6293402777777778 0.2989583333333333 0.2760416666666667
5 0.5703125 0.5503472222222222 0.040625 0.052083333333333336
5 0.9619791666666667 0.6840277777777778 0.07604166666666666 0.04861111111111111
6 0.5026041666666666 0.2586805555555556 0.996875 0.5104166666666666
6 0.940625 0.5503472222222222 0.12083333333333333 0.2152777777777778
8 0.4791666666666667 0.90625 0.9541666666666667 0.1909722222222222
8 0.6911458333333333 0.7421875 0.603125 0.140625
8 0.5052083333333334 0.6137152777777778 0.1625 0.11631944444444445
