4 0.22552083333333334 0.3480902777777778 0.3385416666666667 0.3350694444444444
4 0.4973958333333333 0.3619791666666667 0.13645833333333332 0.203125
4 0.8697916666666666 0.2760416666666667 0.24791666666666667 0.21875
5 0.2989583333333333 0.5651041666666666 0.2916666666666667 0.08159722222222222
5 0.3098958333333333 0.5017361111111112 0.059375 0.1597222222222222
5 0.9177083333333333 0.4713541666666667 0.14583333333333334 0.2204861111111111
0 0.071875 0.5321180555555556 0.12708333333333333 0.1232638888888889
0 0.771875 0.5269097222222222 0.16875 0.2065972222222222
3 0.43385416666666665 0.5234375 0.03854166666666667 0.17881944444444445
3 0.459375 0.5295138888888888 0.0375 0.16319444444444445
3 0.484375 0.5199652777777778 0.041666666666666664 0.1579861111111111
3 0.5177083333333333 0.515625 0.0375 0.14583333333333334
3 0.5640625 0.4895833333333333 0.030208333333333334 0.1076388888888889
3 0.59375 0.5173611111111112 0.04583333333333333 0.1423611111111111
3 0.6416666666666667 0.5130208333333334 0.0375 0.109375
3 0.8630208333333333 0.5355902777777778 0.06354166666666666 0.2586805555555556
1 0.5973958333333333 0.5616319444444444 0.09479166666666666 0.1232638888888889
8 0.5015625 0.8133680555555556 0.9989583333333333 0.3767361111111111
8 0.5515625 0.5503472222222222 0.25104166666666666 0.13194444444444445
7 0.21875 0.4557291666666667 0.1375 0.11631944444444445
6 0.5026041666666666 0.21006944444444445 0.996875 0.4166666666666667
6 0.4234375 0.2699652777777778 0.13229166666666667 0.5364583333333334
