0 0.3411458333333333 0.5954861111111112 0.14270833333333333 0.22569444444444445
0 0.6885416666666667 0.5746527777777778 0.15208333333333332 0.1423611111111111
3 0.5192708333333333 0.5850694444444444 0.046875 0.18055555555555555
3 0.5630208333333333 0.5661369791666666 0.040625 0.16286493055555554
3 0.6744791666666666 0.5928819444444444 0.036458333333333336 0.19270833333333334
3 0.6296875 0.5668402777777778 0.042708333333333334 0.1579861111111111
3 0.9026041666666667 0.6041666666666666 0.04895833333333333 0.20833333333333334
3 0.428125 0.5364583333333334 0.04791666666666667 0.07291666666666667
5 0.14635416666666667 0.6111111111111112 0.29270833333333335 0.2534722222222222
5 0.790625 0.6102430555555556 0.10833333333333334 0.06076388888888889
6 0.5010416666666667 0.2534722222222222 1.0 0.5
6 0.9244791666666666 0.5503472222222222 0.153125 0.19444444444444445
8 0.5010416666666667 0.9027777777777778 1.0 0.19791666666666666
8 0.6989583333333333 0.7309027777777778 0.6020833333333333 0.12152777777777778
8 0.5 0.6024305555555556 0.18541666666666667 0.11458333333333333
