0 0.3328125 0.5954861111111112 0.14895833333333333 0.23958333333333334
0 0.6817708333333333 0.5755208333333334 0.153125 0.15104166666666666
3 0.6463541666666667 0.5946180555555556 0.04479166666666667 0.2309027777777778
3 0.7057291666666666 0.5946180555555556 0.057291666666666664 0.24479166666666666
3 0.4296875 0.5225694444444444 0.06979166666666667 0.059027777777777776
5 0.14895833333333333 0.6319444444444444 0.27708333333333335 0.2465277777777778
5 0.7932291666666667 0.6154513888888888 0.14270833333333333 0.057291666666666664
5 0.5359375 0.5572916666666666 0.11354166666666667 0.04513888888888889
6 0.5020833333333333 0.2595486111111111 0.9979166666666667 0.5086805555555556
6 0.9239583333333333 0.5529513888888888 0.15416666666666667 0.1684027777777778
8 0.5015625 0.8993055555555556 0.9989583333333333 0.2048611111111111
8 0.5098958333333333 0.6814236111111112 0.203125 0.21006944444444445
8 0.8130208333333333 0.7395833333333334 0.365625 0.08680555555555555
