0 0.33645833333333336 0.5980902777777778 0.15833333333333333 0.2170138888888889
0 0.6869791666666667 0.5677083333333334 0.15729166666666666 0.13541666666666666
0 0.9057291666666667 0.8098958333333334 0.190625 0.3836805555555556
1 0.6494791666666667 0.7005208333333334 0.09895833333333333 0.19618055555555555
3 0.453125 0.5651041666666666 0.0625 0.10590277777777778
3 0.6557291666666667 0.5564236111111112 0.08854166666666667 0.14756944444444445
3 0.7848958333333333 0.6189236111111112 0.03854166666666667 0.15104166666666666
5 0.1390625 0.6189236111111112 0.26979166666666665 0.1996527777777778
6 0.5026041666666666 0.2534722222222222 0.996875 0.4861111111111111
6 0.9098958333333333 0.5130208333333334 0.09895833333333333 0.13020833333333334
6 0.5427083333333333 0.5164930555555556 0.11458333333333333 0.1371527777777778
8 0.3932291666666667 0.8967013888888888 0.7864583333333334 0.19270833333333334
8 0.5088541666666667 0.6831597222222222 0.203125 0.1996527777777778
8 0.7552083333333334 0.7352430555555556 0.10625 0.11979166666666667
