0 0.3380208333333333 0.5946180555555556 0.146875 0.2309027777777778
0 0.6848958333333334 0.578125 0.15520833333333334 0.16319444444444445
3 0.5729166666666666 0.5737847222222222 0.05625 0.19618055555555555
3 0.6421875 0.5807291666666666 0.053125 0.1892361111111111
3 0.4270833333333333 0.5225694444444444 0.04375 0.041666666666666664
5 0.1515625 0.6223958333333334 0.290625 0.2586805555555556
5 0.7947916666666667 0.6102430555555556 0.1125 0.06076388888888889
5 0.49895833333333334 0.5520833333333334 0.05625 0.05555555555555555
6 0.503125 0.2526041666666667 0.9958333333333333 0.484375
6 0.9255208333333333 0.5625 0.15104166666666666 0.2326388888888889
8 0.5020833333333333 0.8932291666666666 0.9979166666666667 0.2170138888888889
8 0.490625 0.6605902777777778 0.13958333333333334 0.2204861111111111
8 0.76875 0.7274305555555556 0.46458333333333335 0.125
