0 0.3375 0.6006944444444444 0.1625 0.2361111111111111
0 0.6828125 0.5789930555555556 0.15104166666666666 0.1579861111111111
3 0.48333333333333334 0.5581597222222222 0.06041666666666667 0.109375
3 0.428125 0.5321180555555556 0.027083333333333334 0.046875
3 0.9770833333333333 0.7083333333333334 0.04791666666666667 0.5868055555555556
5 0.15364583333333334 0.6163194444444444 0.29270833333333335 0.2569444444444444
5 0.7921875 0.6050347222222222 0.121875 0.050347222222222224
5 0.5625 0.5564236111111112 0.06875 0.06076388888888889
6 0.5015625 0.24913194444444445 0.9989583333333333 0.4809027777777778
8 0.503125 0.8940972222222222 0.9958333333333333 0.2152777777777778
8 0.6666666666666666 0.7256944444444444 0.5541666666666667 0.09722222222222222
8 0.5119791666666667 0.6024305555555556 0.17604166666666668 0.125
