0 0.334375 0.5980902777777778 0.15416666666666667 0.21354166666666666
0 0.6651041666666667 0.5703125 0.11979166666666667 0.140625
3 0.45364583333333336 0.5486111111111112 0.06145833333333333 0.10416666666666667
3 0.7734375 0.6623263888888888 0.09270833333333334 0.4288194444444444
4 0.06302083333333333 0.3576388888888889 0.109375 0.1909722222222222
5 0.14635416666666667 0.6032986111111112 0.2760416666666667 0.2621527777777778
5 0.5416666666666666 0.5503472222222222 0.08541666666666667 0.0625
6 0.1609375 0.2378472222222222 0.171875 0.4548611111111111
6 0.8651041666666667 0.5329861111111112 0.04895833333333333 0.2222222222222222
6 0.9223958333333333 0.5407986111111112 0.065625 0.2170138888888889
6 0.9833333333333333 0.5546875 0.035416666666666666 0.22395833333333334
6 0.7994791666666666 0.2204861111111111 0.35520833333333335 0.4201388888888889
6 0.4395833333333333 0.2526041666666667 0.3645833333333333 0.4878472222222222
8 0.5057291666666667 0.9105902777777778 0.990625 0.18229166666666666
8 0.690625 0.7439236111111112 0.5979166666666667 0.11979166666666667
8 0.5078125 0.6067708333333334 0.19479166666666667 0.13020833333333334
