2 0.4713541666666667 0.6276041666666666 0.090625 0.15104166666666666
4 0.15 0.4461805555555556 0.29791666666666666 0.875
4 0.890625 0.3845486111111111 0.22083333333333333 0.3072916666666667
5 0.2375 0.7881944444444444 0.2604166666666667 0.4270833333333333
5 0.553125 0.6102430555555556 0.10833333333333334 0.07118055555555555
5 0.6776041666666667 0.6510416666666666 0.057291666666666664 0.10416666666666667
5 0.8828125 0.7057291666666666 0.23645833333333333 0.1996527777777778
5 0.4265625 0.5555555555555556 0.06354166666666666 0.059027777777777776
3 0.36822916666666666 0.5399305555555556 0.034375 0.09722222222222222
3 0.4088541666666667 0.5407986111111112 0.030208333333333334 0.08854166666666667
3 0.4713541666666667 0.5894097222222222 0.07604166666666666 0.21006944444444445
3 0.61875 0.6171875 0.0875 0.3038194444444444
3 0.7223958333333333 0.6267361111111112 0.07604166666666666 0.2847222222222222
8 0.471875 0.7690972222222222 0.30833333333333335 0.4479166666666667
8 0.8083333333333333 0.8428819444444444 0.3854166666666667 0.3177083333333333
6 0.6552083333333333 0.2994791666666667 0.6916666666666667 0.5885416666666666
9 0.06458333333333334 0.4262152777777778 0.075 0.2586805555555556
