0 0.32447916666666665 0.5998263888888888 0.15729166666666666 0.234375
0 0.6890625 0.5763888888888888 0.14270833333333333 0.14930555555555555
3 0.6041666666666666 0.5885416666666666 0.03958333333333333 0.2152777777777778
3 0.6729166666666667 0.578125 0.05 0.1909722222222222
3 0.42291666666666666 0.5260416666666666 0.0625 0.059027777777777776
5 0.153125 0.6432291666666666 0.30416666666666664 0.24479166666666666
5 0.7958333333333333 0.6102430555555556 0.11666666666666667 0.05381944444444445
5 0.5182291666666666 0.5564236111111112 0.071875 0.043402777777777776
6 0.5010416666666667 0.2560763888888889 1.0 0.5017361111111112
6 0.9255208333333333 0.5616319444444444 0.15104166666666666 0.21354166666666666
8 0.503125 0.9027777777777778 0.9958333333333333 0.19791666666666666
8 0.5015625 0.6857638888888888 0.19270833333333334 0.21180555555555555
8 0.7927083333333333 0.7361111111111112 0.4041666666666667 0.11458333333333333
