0 0.33697916666666666 0.5989583333333334 0.15520833333333334 0.22916666666666666
1 0.678125 0.7829861111111112 0.2625 0.4375
3 0.48072916666666665 0.6362847222222222 0.071875 0.3385416666666667
3 0.4197916666666667 0.5355902777777778 0.035416666666666666 0.0642361111111111
3 0.6572916666666667 0.6649305555555556 0.19791666666666666 0.4340277777777778
3 0.8369791666666667 0.6753472222222222 0.09479166666666666 0.4305555555555556
3 0.7390625 0.5442708333333334 0.06354166666666666 0.21006944444444445
3 0.9072916666666667 0.6015625 0.05 0.203125
3 0.95 0.7300347222222222 0.10208333333333333 0.5434027777777778
5 0.1484375 0.5989583333333334 0.296875 0.3020833333333333
5 0.5651041666666666 0.5590277777777778 0.071875 0.052083333333333336
6 0.5015625 0.2803819444444444 0.9989583333333333 0.5538194444444444
8 0.5046875 0.9123263888888888 0.9927083333333333 0.17881944444444445
8 0.6463541666666667 0.7352430555555556 0.565625 0.16493055555555555
8 0.5010416666666667 0.5989583333333334 0.15 0.08333333333333333
