2 0.38125 0.5703125 0.041666666666666664 0.05381944444444445
4 0.1484375 0.4314236111111111 0.2947916666666667 0.8524305555555556
4 0.8859375 0.328125 0.23020833333333332 0.2604166666666667
5 0.22447916666666667 0.7630208333333334 0.259375 0.4774305555555556
5 0.86875 0.6987847222222222 0.26458333333333334 0.21006944444444445
5 0.6854166666666667 0.6545138888888888 0.06458333333333334 0.1076388888888889
3 0.48333333333333334 0.5642361111111112 0.03333333333333333 0.10416666666666667
3 0.45729166666666665 0.5598958333333334 0.03333333333333333 0.13020833333333334
3 0.39010416666666664 0.5503472222222222 0.09270833333333334 0.12152777777777778
3 0.6171875 0.5980902777777778 0.04895833333333333 0.18229166666666666
3 0.5296875 0.5824652777777778 0.046875 0.21006944444444445
8 0.446875 0.78125 0.26458333333333334 0.4409722222222222
8 0.7854166666666667 0.8376736111111112 0.41875 0.3211805555555556
6 0.6520833333333333 0.2786458333333333 0.6979166666666666 0.5329861111111112
9 0.0734375 0.4322916666666667 0.071875 0.2569444444444444
