4 0.22864583333333333 0.3133680555555556 0.33645833333333336 0.3871527777777778
4 0.5115625 0.3700810763888889 0.16770833333333332 0.2552083333333333
4 0.8765625 0.2534722222222222 0.24895833333333334 0.2986111111111111
5 0.91875 0.4791666666666667 0.16458333333333333 0.2708333333333333
5 0.22135416666666666 0.5842013888888888 0.090625 0.057291666666666664
5 0.42844906250000003 0.5492090277777778 0.05416666666666667 0.08506944444444445
5 0.3098958333333333 0.4991319444444444 0.051041666666666666 0.1440972222222222
0 0.7609375 0.5338541666666666 0.16354166666666667 0.2170138888888889
0 0.07395833333333333 0.5338541666666666 0.14583333333333334 0.14756944444444445
0 0.6365045833333334 0.4930555555555556 0.029166666666666667 0.052083333333333336
3 0.7620602083333333 0.53705625 0.058333333333333334 0.2482638888888889
3 0.612835625 0.4828703125 0.07395833333333333 0.06597222222222222
3 0.22104161458333332 0.584452170138889 0.1022221875 0.27407413194444447
3 0.42944442708333336 0.5079089409722222 0.03800927083333334 0.14567899305555557
3 0.5235416666666667 0.5288387152777778 0.03333333333333333 0.1267361111111111
3 0.3689467708333334 0.5300153645833334 0.052337916666666665 0.17554010416666666
3 0.48020833333333335 0.5225694444444444 0.03333333333333333 0.11805555555555555
1 0.22844911458333333 0.6575038194444445 0.2059259375 0.25142743055555555
8 0.5005208333333333 0.8038194444444444 0.9989583333333333 0.3784722222222222
7 0.2153935416666667 0.45779322916666665 0.125 0.11458333333333333
6 0.029166666666666667 0.25 0.05 0.4826388888888889
6 0.20729166666666668 0.11197916666666667 0.2916666666666667 0.2065972222222222
6 0.3927083333333333 0.1953125 0.38333333333333336 0.3871527777777778
6 0.7302083333333333 0.20399305555555555 0.05625 0.3975694444444444
6 0.6453125 0.2482638888888889 0.10729166666666666 0.4027777777777778
6 0.8776041666666666 0.09461805555555555 0.24479166666666666 0.18229166666666666
6 0.9583333333333334 0.3003472222222222 0.08541666666666667 0.4652777777777778
9 0.8067708333333333 0.2621527777777778 0.017708333333333333 0.09375
9 0.7765625 0.2890625 0.028125 0.109375
