0 0.33489583333333334 0.5946180555555556 0.15729166666666666 0.22395833333333334
0 0.6770833333333334 0.5720486111111112 0.14166666666666666 0.1440972222222222
3 0.7083333333333334 0.6050347222222222 0.07083333333333333 0.3038194444444444
3 0.7994791666666666 0.6163194444444444 0.06979166666666667 0.2673611111111111
3 0.43020833333333336 0.5269097222222222 0.07083333333333333 0.050347222222222224
5 0.1453125 0.6223958333333334 0.2760416666666667 0.24479166666666666
5 0.7526041666666666 0.6197916666666666 0.021875 0.052083333333333336
5 0.5453125 0.5633680555555556 0.09479166666666666 0.03993055555555555
6 0.5015625 0.2526041666666667 0.9989583333333333 0.5017361111111112
8 0.5036458333333333 0.8932291666666666 0.9947916666666666 0.2170138888888889
8 0.690625 0.7239583333333334 0.6041666666666666 0.10416666666666667
8 0.5067708333333333 0.6180555555555556 0.18229166666666666 0.0798611111111111
8 0.44895833333333335 0.5520833333333334 0.075 0.027777777777777776
