0 0.3296875 0.6006944444444444 0.15104166666666666 0.2361111111111111
0 0.7098958333333333 0.5598958333333334 0.09895833333333333 0.1267361111111111
3 0.4354166666666667 0.6128472222222222 0.041666666666666664 0.3194444444444444
3 0.5197916666666667 0.6163194444444444 0.05625 0.2881944444444444
3 0.5765625 0.6041666666666666 0.046875 0.24305555555555555
3 0.6135416666666667 0.5954861111111112 0.03125 0.22569444444444445
3 0.6473958333333333 0.5815972222222222 0.034375 0.2152777777777778
3 0.7885416666666667 0.6137152777777778 0.04583333333333333 0.16145833333333334
4 0.057291666666666664 0.3454861111111111 0.11041666666666666 0.2638888888888889
5 0.14947916666666666 0.6128472222222222 0.278125 0.2222222222222222
5 0.8494791666666667 0.625 0.03854166666666667 0.04513888888888889
5 0.7463541666666667 0.6032986111111112 0.03229166666666667 0.050347222222222224
5 0.7182291666666667 0.4557291666666667 0.10104166666666667 0.10590277777777778
6 0.1375 0.2595486111111111 0.15416666666666667 0.5086805555555556
6 0.8651041666666667 0.5217013888888888 0.03854166666666667 0.19270833333333334
6 0.915625 0.5399305555555556 0.04583333333333333 0.19444444444444445
6 0.975 0.5572916666666666 0.052083333333333336 0.25
6 0.6130208333333333 0.24479166666666666 0.7760416666666666 0.4583333333333333
8 0.5041666666666667 0.9010416666666666 0.99375 0.2013888888888889
8 0.6604166666666667 0.7378472222222222 0.6541666666666667 0.10069444444444445
8 0.5380208333333333 0.6371527777777778 0.153125 0.1423611111111111
