4 0.21927083333333333 0.3237847222222222 0.3260416666666667 0.3940972222222222
4 0.5036458333333333 0.3654513888888889 0.146875 0.2760416666666667
4 0.8697916666666666 0.25 0.2625 0.3298611111111111
5 0.3020833333333333 0.5607638888888888 0.23541666666666666 0.11805555555555555
5 0.321875 0.5 0.075 0.13541666666666666
5 0.91875 0.4592013888888889 0.16458333333333333 0.22743055555555555
0 0.634375 0.5069444444444444 0.03333333333333333 0.059027777777777776
0 0.7645833333333333 0.5329861111111112 0.15625 0.2152777777777778
0 0.07916666666666666 0.5381944444444444 0.1125 0.11805555555555555
3 0.016666666666666666 0.5546875 0.03125 0.2204861111111111
3 0.4546875 0.5295138888888888 0.04479166666666667 0.1701388888888889
3 0.4973958333333333 0.5390625 0.04479166666666667 0.171875
3 0.5625 0.5086805555555556 0.041666666666666664 0.1388888888888889
3 0.5916666666666667 0.53125 0.05625 0.16319444444444445
3 0.6333333333333333 0.4956597222222222 0.035416666666666666 0.07118055555555555
3 0.8588541666666667 0.5390625 0.071875 0.2517361111111111
1 0.584375 0.5963541666666666 0.0625 0.13020833333333334
8 0.5005208333333333 0.8133680555555556 0.9989583333333333 0.3697916666666667
8 0.5552083333333333 0.5616319444444444 0.26666666666666666 0.08159722222222222
7 0.2234375 0.4652777777777778 0.12395833333333334 0.13541666666666666
6 0.0265625 0.23697916666666666 0.053125 0.4565972222222222
6 0.47054395833333335 0.2638888888888889 0.18692125 0.5243055555555556
6 0.3046875 0.2309027777777778 0.14270833333333333 0.4583333333333333
6 0.14479166666666668 0.16666666666666666 0.1875 0.3229166666666667
6 0.6536458333333334 0.2569444444444444 0.15520833333333334 0.4201388888888889
6 0.8723958333333334 0.1970486111111111 0.25729166666666664 0.390625
9 0.8046875 0.2682291666666667 0.019791666666666666 0.13020833333333334
9 0.78125 0.2881944444444444 0.03125 0.08680555555555555
