0 0.31875 0.5920138888888888 0.11458333333333333 0.2152777777777778
0 0.6479166666666667 0.5746527777777778 0.06666666666666667 0.15625
3 0.41510416666666666 0.671875 0.134375 0.5277777777777778
3 0.6046875 0.5850694444444444 0.05520833333333333 0.2048611111111111
3 0.7072916666666667 0.6310763888888888 0.06666666666666667 0.2934027777777778
3 0.8057291666666667 0.6215277777777778 0.053125 0.2986111111111111
4 0.058854166666666666 0.3472222222222222 0.109375 0.22569444444444445
5 0.14114583333333333 0.6128472222222222 0.27395833333333336 0.2673611111111111
5 0.5380208333333333 0.5581597222222222 0.06145833333333333 0.07465277777777778
6 0.121875 0.2439236111111111 0.16458333333333333 0.4774305555555556
6 0.8661458333333333 0.5416666666666666 0.046875 0.2326388888888889
6 0.9151041666666667 0.5425347222222222 0.053125 0.2309027777777778
6 0.9765625 0.546875 0.04895833333333333 0.2152777777777778
6 0.4546875 0.22916666666666666 0.48020833333333335 0.4375
6 0.8203125 0.24739583333333334 0.3614583333333333 0.453125
8 0.5046875 0.90625 0.9927083333333333 0.1909722222222222
8 0.7421875 0.7421875 0.4947916666666667 0.0954861111111111
8 0.5270833333333333 0.6310763888888888 0.08333333333333333 0.0954861111111111
