0 0.30520833333333336 0.5798611111111112 0.09583333333333334 0.19444444444444445
0 0.6864583333333333 0.5798611111111112 0.15208333333333332 0.15625
3 0.42239583333333336 0.6744791666666666 0.128125 0.578125
3 0.79375 0.625 0.04791666666666667 0.1423611111111111
3 0.48854166666666665 0.5434027777777778 0.04375 0.09375
5 0.13802083333333334 0.6328125 0.26145833333333335 0.2065972222222222
5 0.05364583333333333 0.4774305555555556 0.10520833333333333 0.09375
6 0.1890625 0.2482638888888889 0.37395833333333334 0.4756944444444444
6 0.8635416666666667 0.5425347222222222 0.05 0.234375
6 0.9234375 0.5434027777777778 0.057291666666666664 0.19791666666666666
6 0.9802083333333333 0.5598958333333334 0.041666666666666664 0.2586805555555556
6 0.815625 0.2569444444444444 0.37083333333333335 0.4895833333333333
6 0.503125 0.1857638888888889 0.23333333333333334 0.3541666666666667
6 0.540625 0.4548611111111111 0.11875 0.1527777777777778
8 0.5010416666666667 0.9088541666666666 1.0 0.1857638888888889
8 0.5354166666666667 0.7022569444444444 0.11666666666666667 0.22743055555555555
8 0.8010416666666667 0.8342013888888888 0.4 0.3350694444444444
