0 0.33645833333333336 0.5980902777777778 0.16041666666666668 0.2309027777777778
0 0.6953125 0.5772569444444444 0.146875 0.140625
3 0.5890625 0.5703125 0.09479166666666666 0.1892361111111111
3 0.4354166666666667 0.5329861111111112 0.04583333333333333 0.03819444444444445
5 0.15104166666666666 0.6345486111111112 0.29583333333333334 0.22743055555555555
5 0.7880208333333333 0.6111111111111112 0.11770833333333333 0.05555555555555555
6 0.5015625 0.2569444444444444 0.9989583333333333 0.5034722222222222
6 0.9130208333333333 0.5668402777777778 0.17604166666666668 0.2552083333333333
8 0.5020833333333333 0.8923611111111112 0.9979166666666667 0.21875
8 0.503125 0.7013888888888888 0.21666666666666667 0.1284722222222222
8 0.4744791666666667 0.5894097222222222 0.121875 0.08159722222222222
8 0.7989583333333333 0.7230902777777778 0.39166666666666666 0.0954861111111111
