0 0.4921875 0.5546875 0.09270833333333334 0.08506944444444445
0 0.6828125 0.5789930555555556 0.15104166666666666 0.1579861111111111
3 0.43802083333333336 0.5373263888888888 0.021875 0.057291666666666664
3 0.40572916666666664 0.5225694444444444 0.021875 0.041666666666666664
3 0.7854166666666667 0.6119791666666666 0.041666666666666664 0.140625
3 0.5984375 0.5659722222222222 0.017708333333333333 0.06944444444444445
4 0.0640625 0.3159722222222222 0.11770833333333333 0.3090277777777778
5 0.153125 0.6267361111111112 0.29583333333333334 0.23958333333333334
5 0.5760416666666667 0.5625 0.058333333333333334 0.06597222222222222
5 0.8395833333333333 0.6163194444444444 0.0375 0.03125
6 0.1375 0.2604166666666667 0.15833333333333333 0.5034722222222222
6 0.5619791666666667 0.3272569444444444 0.21354166666666666 0.3628472222222222
6 0.8135416666666667 0.265625 0.35833333333333334 0.5069444444444444
6 0.8713541666666667 0.5581597222222222 0.04479166666666667 0.1579861111111111
6 0.9192708333333334 0.5824652777777778 0.04895833333333333 0.19270833333333334
6 0.9776041666666667 0.5772569444444444 0.046875 0.1996527777777778
6 0.33645833333333336 0.2699652777777778 0.22291666666666668 0.4010416666666667
8 0.5020833333333333 0.9036458333333334 0.9979166666666667 0.19618055555555555
8 0.5890625 0.7916666666666666 0.3302083333333333 0.4131944444444444
