0 0.33229166666666665 0.5954861111111112 0.15833333333333333 0.22569444444444445
0 0.6828125 0.5798611111111112 0.15104166666666666 0.1701388888888889
3 0.44479166666666664 0.5390625 0.08125 0.07118055555555555
3 0.5473958333333333 0.5564236111111112 0.065625 0.10590277777777778
5 0.7947916666666667 0.6111111111111112 0.13125 0.0625
5 0.14479166666666668 0.6128472222222222 0.2875 0.2465277777777778
6 0.5005208333333333 0.2508680555555556 1.0 0.4913194444444444
6 0.91875 0.5390625 0.16458333333333333 0.24479166666666666
8 0.5010416666666667 0.8880208333333334 1.0 0.22743055555555555
8 0.6947916666666667 0.7196180555555556 0.6104166666666667 0.08854166666666667
8 0.5114583333333333 0.6128472222222222 0.17708333333333334 0.09722222222222222
