0 0.3338541666666667 0.5989583333333334 0.153125 0.22916666666666666
0 0.6854166666666667 0.5772569444444444 0.14583333333333334 0.1545138888888889
3 0.5208333333333334 0.5416666666666666 0.029166666666666667 0.0798611111111111
3 0.4901041666666667 0.5460069444444444 0.03229166666666667 0.08854166666666667
3 0.42239583333333336 0.5277777777777778 0.06979166666666667 0.03819444444444445
3 0.790625 0.6171875 0.041666666666666664 0.15104166666666666
4 0.0625 0.3637152777777778 0.11666666666666667 0.265625
5 0.15208333333333332 0.6310763888888888 0.28958333333333336 0.1892361111111111
5 0.8453125 0.6128472222222222 0.059375 0.08333333333333333
6 0.13854166666666667 0.2708333333333333 0.1625 0.5243055555555556
6 0.8223958333333333 0.2647569444444444 0.3385416666666667 0.5190972222222222
6 0.8677083333333333 0.5572916666666666 0.04791666666666667 0.1701388888888889
6 0.9234375 0.5746527777777778 0.040625 0.2013888888888889
6 0.9765625 0.5598958333333334 0.04895833333333333 0.17881944444444445
6 0.5765625 0.3402777777777778 0.184375 0.3090277777777778
6 0.36041666666666666 0.24913194444444445 0.25625 0.4739583333333333
8 0.5125 0.7708333333333334 0.18541666666666667 0.4131944444444444
8 0.5026041666666666 0.9088541666666666 0.996875 0.1857638888888889
8 0.8078125 0.8342013888888888 0.38645833333333335 0.3177083333333333
