0 0.33489583333333334 0.6015625 0.159375 0.22743055555555555
0 0.6833333333333333 0.5842013888888888 0.16458333333333333 0.1545138888888889
1 0.4432291666666667 0.5520833333333334 0.017708333333333333 0.03125
2 0.5385416666666667 0.5963541666666666 0.029166666666666667 0.06770833333333333
3 0.5395833333333333 0.5277777777777778 0.0375 0.05555555555555555
3 0.9057291666666667 0.6024305555555556 0.051041666666666666 0.1875
5 0.15208333333333332 0.6050347222222222 0.29583333333333334 0.2760416666666667
5 0.7963541666666667 0.6111111111111112 0.11979166666666667 0.059027777777777776
5 0.5828125 0.5581597222222222 0.034375 0.036458333333333336
6 0.5010416666666667 0.2803819444444444 1.0 0.5434027777777778
6 0.9260416666666667 0.5442708333333334 0.15 0.21006944444444445
8 0.503125 0.8854166666666666 0.9958333333333333 0.2326388888888889
8 0.684375 0.7092013888888888 0.6166666666666667 0.10243055555555555
8 0.5036458333333333 0.5902777777777778 0.16770833333333332 0.11458333333333333
