0 0.334375 0.5998263888888888 0.16041666666666668 0.22743055555555555
0 0.6875 0.5789930555555556 0.14375 0.1579861111111111
0 0.40989583333333335 0.5234375 0.026041666666666668 0.03993055555555555
1 0.4421875 0.5364583333333334 0.013541666666666667 0.020833333333333332
3 0.7880208333333333 0.6128472222222222 0.03854166666666667 0.14930555555555555
3 0.6015625 0.5572916666666666 0.019791666666666666 0.052083333333333336
3 0.44583333333333336 0.5303819444444444 0.052083333333333336 0.06770833333333333
4 0.0640625 0.3585069444444444 0.12604166666666666 0.2760416666666667
5 0.15416666666666667 0.6362847222222222 0.2916666666666667 0.2204861111111111
5 0.8364583333333333 0.6171875 0.04791666666666667 0.046875
5 0.5416666666666666 0.5581597222222222 0.06875 0.05381944444444445
6 0.1390625 0.2708333333333333 0.171875 0.5208333333333334
6 0.8239583333333333 0.2552083333333333 0.3541666666666667 0.4895833333333333
6 0.8635416666666667 0.5407986111111112 0.035416666666666666 0.19270833333333334
6 0.9223958333333333 0.5633680555555556 0.053125 0.19270833333333334
6 0.9802083333333333 0.5703125 0.041666666666666664 0.2170138888888889
6 0.5671875 0.2994791666666667 0.228125 0.3663194444444444
6 0.3458333333333333 0.24479166666666666 0.21041666666666667 0.3888888888888889
8 0.5026041666666666 0.9027777777777778 0.996875 0.19791666666666666
8 0.5171875 0.7743055555555556 0.19479166666666667 0.4409722222222222
8 0.8130208333333333 0.8368055555555556 0.37604166666666666 0.3298611111111111
