4 0.15520833333333334 0.4479166666666667 0.30833333333333335 0.8854166666666666
4 0.8914385416666666 0.3714074652777778 0.21875 0.3038194444444444
5 0.2265625 0.7795138888888888 0.2552083333333333 0.4444444444444444
5 0.9582040625 0.6963833333333334 0.08074812499999999 0.25304131944444447
5 0.5458333333333333 0.6012710069444445 0.22291666666666668 0.0920138888888889
5 0.8354128645833333 0.5773203125 0.12103864583333333 0.08240833333333333
3 0.38045541666666666 0.5308951388888888 0.084375 0.07291666666666667
3 0.7672825 0.7242498263888888 0.35 0.5520833333333334
1 0.3977113541666667 0.5656680555555555 0.04583333333333333 0.04513888888888889
8 0.4875 0.7874024305555555 0.33541666666666664 0.4253472222222222
8 0.8234375 0.8602430555555556 0.35520833333333335 0.2829861111111111
6 0.6604166666666667 0.2916666666666667 0.68125 0.5729166666666666
9 0.06510416666666667 0.4357638888888889 0.06770833333333333 0.2673611111111111
