0 0.3359375 0.5928819444444444 0.15520833333333334 0.2204861111111111
0 0.68125 0.5798611111111112 0.15 0.1597222222222222
3 0.5171875 0.5434027777777778 0.030208333333333334 0.08680555555555555
3 0.4427083333333333 0.5373263888888888 0.08541666666666667 0.05381944444444445
3 0.7901041666666667 0.5946180555555556 0.06145833333333333 0.24131944444444445
5 0.15208333333333332 0.6145833333333334 0.28958333333333336 0.2569444444444444
5 0.7505208333333333 0.6154513888888888 0.017708333333333333 0.08506944444444445
6 0.503125 0.2552083333333333 0.9958333333333333 0.5034722222222222
6 0.9276041666666667 0.5277777777777778 0.146875 0.18055555555555555
8 0.5036458333333333 0.8854166666666666 0.9947916666666666 0.21180555555555555
8 0.5114583333333333 0.6692708333333334 0.20833333333333334 0.2065972222222222
8 0.8119791666666667 0.7274305555555556 0.378125 0.1111111111111111
