0 0.33541666666666664 0.5972222222222222 0.14375 0.22916666666666666
0 0.6864583333333333 0.5798611111111112 0.15416666666666667 0.1597222222222222
3 0.4640625 0.546875 0.046875 0.10069444444444445
3 0.5484375 0.5546875 0.06770833333333333 0.10243055555555555
3 0.4171875 0.5321180555555556 0.034375 0.057291666666666664
5 0.14375 0.6024305555555556 0.2916666666666667 0.2743055555555556
5 0.7916666666666666 0.6067708333333334 0.1125 0.05381944444444445
6 0.5015625 0.2361111111111111 0.9989583333333333 0.4618055555555556
6 0.9192708333333334 0.53125 0.16354166666666667 0.19444444444444445
8 0.5005208333333333 0.8975694444444444 1.0 0.20833333333333334
8 0.6927083333333334 0.7300347222222222 0.6 0.10243055555555555
8 0.5119791666666667 0.6145833333333334 0.17604166666666668 0.10416666666666667
