0 0.33645833333333336 0.5902777777777778 0.13125 0.2222222222222222
0 0.7760416666666666 0.7517361111111112 0.45 0.5
3 0.4640625 0.5789930555555556 0.042708333333333334 0.15104166666666666
3 0.5625 0.5269097222222222 0.035416666666666666 0.05381944444444445
5 0.14322916666666666 0.6258680555555556 0.278125 0.24479166666666666
5 0.5151041666666667 0.5555555555555556 0.040625 0.034722222222222224
6 0.5005208333333333 0.24739583333333334 1.0 0.484375
6 0.953125 0.5303819444444444 0.09583333333333334 0.15104166666666666
8 0.29375 0.9088541666666666 0.5854166666666667 0.1857638888888889
8 0.4765625 0.7204861111111112 0.128125 0.1909722222222222
