4 0.15572916666666667 0.4305555555555556 0.309375 0.8368055555555556
4 0.8880208333333334 0.3836805555555556 0.22604166666666667 0.2951388888888889
5 0.225 0.7734375 0.2520833333333333 0.4565972222222222
5 0.8739583333333333 0.6657986111111112 0.25416666666666665 0.22743055555555555
5 0.47239583333333335 0.5642361111111112 0.03854166666666667 0.07291666666666667
5 0.5322916666666667 0.59375 0.020833333333333332 0.08333333333333333
3 0.621875 0.6189236111111112 0.10208333333333333 0.2621527777777778
3 0.5651041666666666 0.5434027777777778 0.057291666666666664 0.13194444444444445
3 0.5098958333333333 0.546875 0.036458333333333336 0.09375
3 0.4317708333333333 0.5989583333333334 0.06145833333333333 0.22916666666666666
3 0.37916666666666665 0.5746527777777778 0.05 0.2048611111111111
1 0.6265625 0.6944444444444444 0.17395833333333333 0.21875
8 0.43333333333333335 0.7699652777777778 0.25625 0.4635416666666667
8 0.7848958333333333 0.8489583333333334 0.4322916666666667 0.2916666666666667
6 0.659375 0.2803819444444444 0.6833333333333333 0.5503472222222222
9 0.0703125 0.4314236111111111 0.07395833333333333 0.296875
