4 0.2171875 0.3324652777777778 0.33645833333333336 0.421875
4 0.5044669791666666 0.3904475694444445 0.14643395833333334 0.25430868055555556
4 0.8677083333333333 0.2734375 0.26666666666666666 0.2864583333333333
5 0.374034375 0.4969016493055556 0.16204375000000001 0.11185885416666667
5 0.3078125 0.5798611111111112 0.20729166666666668 0.0625
5 0.9135416666666667 0.4809027777777778 0.175 0.22569444444444445
5 0.509375 0.5303819444444444 0.0875 0.05381944444444445
0 0.06875 0.5243055555555556 0.13333333333333333 0.12152777777777778
0 0.7731789583333334 0.5190972222222222 0.13697541666666666 0.2048611111111111
0 0.6473958333333333 0.5121527777777778 0.040625 0.07291666666666667
3 0.6952555208333333 0.5556631944444445 0.07747875 0.28630625
3 0.7661458333333333 0.5442708333333334 0.06145833333333333 0.265625
3 0.6067708333333334 0.5130208333333334 0.040625 0.109375
3 0.5692708333333333 0.5225694444444444 0.06145833333333333 0.1527777777777778
3 0.48020833333333335 0.5138888888888888 0.03333333333333333 0.09722222222222222
3 0.259375 0.5460069444444444 0.052083333333333336 0.2065972222222222
8 0.5041666666666667 0.8125 0.99375 0.3784722222222222
8 0.546875 0.5685763888888888 0.2604166666666667 0.11284722222222222
7 0.22083333333333333 0.4704861111111111 0.14791666666666667 0.13541666666666666
6 0.5026041666666666 0.2421875 0.996875 0.4809027777777778
9 0.7947916666666667 0.2760416666666667 0.025 0.10416666666666667
9 0.7645833333333333 0.3055555555555556 0.029166666666666667 0.09027777777777778
