0 0.3421875 0.5972222222222222 0.14479166666666668 0.22916666666666666
0 0.6848958333333334 0.5798611111111112 0.153125 0.1597222222222222
2 0.584375 0.6137152777777778 0.07708333333333334 0.1232638888888889
3 0.5822916666666667 0.5512152777777778 0.052083333333333336 0.13368055555555555
3 0.9052083333333333 0.5980902777777778 0.04791666666666667 0.19618055555555555
3 0.45260416666666664 0.5260416666666666 0.021875 0.03819444444444445
5 0.14583333333333334 0.5894097222222222 0.2875 0.2829861111111111
5 0.5171875 0.5538194444444444 0.04895833333333333 0.052083333333333336
5 0.7927083333333333 0.6102430555555556 0.11666666666666667 0.050347222222222224
6 0.5026041666666666 0.2777777777777778 0.996875 0.5486111111111112
6 0.9244791666666666 0.5451388888888888 0.153125 0.20833333333333334
8 0.5010416666666667 0.8871527777777778 1.0 0.22916666666666666
8 0.7010416666666667 0.7083333333333334 0.5979166666666667 0.1076388888888889
8 0.5052083333333334 0.5954861111111112 0.17083333333333334 0.10069444444444445
