4 0.15520833333333334 0.4479166666666667 0.30833333333333335 0.8854166666666666
4 0.8914385416666666 0.3714074652777778 0.21875 0.3038194444444444
5 0.2265625 0.7795138888888888 0.2552083333333333 0.4444444444444444
5 0.8676398958333333 0.6924675347222222 0.26458333333333334 0.17708333333333334
5 0.6033188541666666 0.6067708333333334 0.23229166666666667 0.109375
3 0.38053151041666666 0.5333663194444445 0.0789765625 0.07299270833333332
3 0.44978708333333334 0.6232638888888888 0.10625 0.24305555555555555
1 0.39739583333333334 0.5625 0.051041666666666666 0.052083333333333336
8 0.4875 0.7874024305555555 0.33541666666666664 0.4253472222222222
8 0.8234375 0.8602430555555556 0.35520833333333335 0.2829861111111111
6 0.6604166666666667 0.2916666666666667 0.68125 0.5729166666666666
9 0.06510416666666667 0.4357638888888889 0.06770833333333333 0.2673611111111111
