4 0.15885416666666666 0.4375 0.315625 0.8715277777777778
4 0.8869791666666667 0.3732638888888889 0.21354166666666666 0.3020833333333333
5 0.22760416666666666 0.7890625 0.265625 0.4253472222222222
5 0.6234375 0.6163194444444444 0.203125 0.12152777777777778
5 0.9703125 0.7144097222222222 0.06145833333333333 0.22743055555555555
3 0.371875 0.5434027777777778 0.022916666666666665 0.08333333333333333
3 0.39375 0.5529513888888888 0.035416666666666666 0.11284722222222222
3 0.42604166666666665 0.5520833333333334 0.04375 0.10416666666666667
3 0.4791666666666667 0.5625 0.03958333333333333 0.12152777777777778
3 0.5192708333333333 0.5677083333333334 0.04479166666666667 0.13194444444444445
3 0.7953125 0.6744791666666666 0.10729166666666666 0.5399305555555556
3 0.8973958333333333 0.6996527777777778 0.11354166666666667 0.4166666666666667
8 0.45364583333333336 0.7873263888888888 0.2864583333333333 0.4288194444444444
8 0.7932291666666667 0.8385416666666666 0.39895833333333336 0.3194444444444444
6 0.6520833333333333 0.2847222222222222 0.6979166666666666 0.5659722222222222
9 0.075 0.4357638888888889 0.08958333333333333 0.2881944444444444
