0 0.3411458333333333 0.59375 0.140625 0.2222222222222222
0 0.6817708333333333 0.5772569444444444 0.146875 0.15104166666666666
3 0.45364583333333336 0.5520833333333334 0.028125 0.1111111111111111
3 0.5015625 0.5512152777777778 0.03229166666666667 0.08506944444444445
3 0.790625 0.6232638888888888 0.035416666666666666 0.14583333333333334
3 0.4296875 0.5295138888888888 0.021875 0.041666666666666664
5 0.14322916666666666 0.6032986111111112 0.2760416666666667 0.24131944444444445
5 0.7578125 0.6145833333333334 0.04479166666666667 0.041666666666666664
6 0.49583333333333335 0.24739583333333334 0.9895833333333334 0.4739583333333333
6 0.8708333333333333 0.5425347222222222 0.041666666666666664 0.17881944444444445
6 0.9203125 0.5546875 0.051041666666666666 0.1857638888888889
6 0.9786458333333333 0.5633680555555556 0.04479166666666667 0.203125
8 0.5010416666666667 0.8940972222222222 1.0 0.2152777777777778
8 0.5135416666666667 0.6779513888888888 0.18125 0.2204861111111111
8 0.8067708333333333 0.7361111111111112 0.3885416666666667 0.07291666666666667
