0 0.1515625 0.4765625 0.096875 0.13368055555555555
0 0.35989583333333336 0.6059027777777778 0.396875 0.4201388888888889
0 0.48020833333333335 0.4461805555555556 0.058333333333333334 0.0625
4 0.21666666666666667 0.2170138888888889 0.43333333333333335 0.4166666666666667
4 0.4578125 0.2230902777777778 0.057291666666666664 0.3107638888888889
4 0.8005208333333333 0.4557291666666667 0.38645833333333335 0.890625
5 0.06614583333333333 0.5338541666666666 0.12395833333333334 0.3072916666666667
5 0.5796875 0.4600694444444444 0.128125 0.1736111111111111
6 0.296875 0.2482638888888889 0.2 0.2048611111111111
6 0.09895833333333333 0.2977430555555556 0.08958333333333333 0.1545138888888889
6 0.5552083333333333 0.2795138888888889 0.09791666666666667 0.5486111111111112
6 0.5942708333333333 0.4652777777777778 0.134375 0.21180555555555555
7 0.19947916666666668 0.20052083333333334 0.178125 0.03298611111111111
8 0.0828125 0.7803819444444444 0.15729166666666666 0.4253472222222222
8 0.3567708333333333 0.8993055555555556 0.7114583333333333 0.17708333333333334
8 0.6057291666666667 0.7847222222222222 0.09479166666666666 0.4340277777777778
9 0.4557291666666667 0.12413194444444445 0.026041666666666668 0.03993055555555555
9 0.45625 0.2326388888888889 0.03125 0.04861111111111111
9 0.06197916666666667 0.15104166666666666 0.08645833333333333 0.09027777777777778
9 0.35989583333333336 0.18836805555555555 0.03229166666666667 0.13368055555555555
9 0.42135416666666664 0.09722222222222222 0.028125 0.0798611111111111
9 0.4119791666666667 0.24739583333333334 0.015625 0.11284722222222222
9 0.3625 0.3576388888888889 0.05416666666666667 0.041666666666666664
