2 0.39375 0.5902777777777778 0.05 0.09375
4 0.15520833333333334 0.4670138888888889 0.30833333333333335 0.9166666666666666
4 0.8916666666666667 0.3776041666666667 0.21875 0.3350694444444444
5 0.2203125 0.7873263888888888 0.265625 0.4253472222222222
5 0.871875 0.7222222222222222 0.2520833333333333 0.21180555555555555
5 0.6046875 0.6189236111111112 0.19479166666666667 0.1371527777777778
5 0.45260416666666664 0.5694444444444444 0.065625 0.059027777777777776
3 0.3567708333333333 0.5225694444444444 0.021875 0.06597222222222222
3 0.40677083333333336 0.5503472222222222 0.046875 0.12152777777777778
3 0.628125 0.6232638888888888 0.07083333333333333 0.3020833333333333
3 0.7145833333333333 0.6223958333333334 0.05416666666666667 0.24479166666666666
3 0.9822916666666667 0.7430555555555556 0.0375 0.5173611111111112
8 0.4895833333333333 0.7751736111111112 0.3104166666666667 0.4461805555555556
8 0.8270833333333333 0.8541666666666666 0.34791666666666665 0.2777777777777778
6 0.6463541666666667 0.2916666666666667 0.709375 0.5798611111111112
9 0.0734375 0.4305555555555556 0.065625 0.3090277777777778
