2 0.6364583333333333 0.6953125 0.09166666666666666 0.24479166666666666
3 0.3770833333333333 0.5234375 0.08333333333333333 0.043402777777777776
3 0.40625 0.5564236111111112 0.05416666666666667 0.1545138888888889
3 0.5442708333333334 0.6197916666666666 0.078125 0.3333333333333333
3 0.6395833333333333 0.6397569444444444 0.1125 0.3211805555555556
3 0.8151041666666666 0.6744791666666666 0.09479166666666666 0.3663194444444444
4 0.1515625 0.4288194444444444 0.303125 0.8368055555555556
4 0.8776041666666666 0.3298611111111111 0.246875 0.3229166666666667
5 0.21197916666666666 0.7829861111111112 0.278125 0.4375
5 0.8442708333333333 0.6701388888888888 0.31354166666666666 0.2534722222222222
6 0.6447916666666667 0.2543402777777778 0.7125 0.5052083333333334
8 0.6567708333333333 0.8506944444444444 0.6802083333333333 0.2881944444444444
8 0.4197916666666667 0.7647569444444444 0.21041666666666667 0.4427083333333333
9 0.07395833333333333 0.4279513888888889 0.08125 0.2795138888888889
