2 0.625 0.6710069444444444 0.08541666666666667 0.2170138888888889
4 0.1484375 0.4592013888888889 0.296875 0.9079861111111112
4 0.903125 0.3663194444444444 0.19583333333333333 0.3090277777777778
5 0.4401041666666667 0.546875 0.07604166666666666 0.052083333333333336
5 0.54375 0.5911458333333334 0.09791666666666667 0.078125
5 0.7328125 0.6770833333333334 0.14895833333333333 0.13541666666666666
5 0.9427083333333334 0.7222222222222222 0.11666666666666667 0.22569444444444445
3 0.37135416666666665 0.5355902777777778 0.057291666666666664 0.078125
3 0.5442708333333334 0.5703125 0.04895833333333333 0.18229166666666666
3 0.6427083333333333 0.6284722222222222 0.08333333333333333 0.3159722222222222
3 0.8473958333333333 0.6892361111111112 0.134375 0.5104166666666666
8 0.45260416666666664 0.7638888888888888 0.290625 0.4756944444444444
8 0.7864583333333334 0.8576388888888888 0.42916666666666664 0.2881944444444444
6 0.6567708333333333 0.2829861111111111 0.6885416666666667 0.5625
9 0.07916666666666666 0.4322916666666667 0.08541666666666667 0.2847222222222222
