4 0.15520833333333334 0.4479166666666667 0.30833333333333335 0.8854166666666666
4 0.8914385416666666 0.3714074652777778 0.21875 0.3038194444444444
5 0.2265625 0.7795138888888888 0.2552083333333333 0.4444444444444444
5 0.8790184375 0.6968078125 0.240625 0.1857638888888889
5 0.5125 0.5899862847222223 0.15625 0.06944444444444445
5 0.7192708333333333 0.5720486111111112 0.084375 0.08159722222222222
3 0.38045541666666666 0.5308951388888888 0.084375 0.07291666666666667
3 0.6645301041666667 0.7432203125 0.22916666666666666 0.5170315972222223
1 0.3933317708333333 0.5561067708333334 0.04583333333333333 0.050347222222222224
8 0.4875 0.7874024305555555 0.33541666666666664 0.4253472222222222
8 0.8234375 0.8602430555555556 0.35520833333333335 0.2829861111111111
6 0.6604166666666667 0.2916666666666667 0.68125 0.5729166666666666
9 0.06510416666666667 0.4357638888888889 0.06770833333333333 0.2673611111111111
