4 0.15208333333333332 0.4279513888888889 0.3020833333333333 0.8350694444444444
4 0.8901041666666667 0.3637152777777778 0.221875 0.3038194444444444
5 0.21927083333333333 0.7847222222222222 0.2552083333333333 0.4340277777777778
5 0.9161458333333333 0.7170138888888888 0.16979166666666667 0.20833333333333334
5 0.5057291666666667 0.5850694444444444 0.08645833333333333 0.0798611111111111
3 0.7416666666666667 0.6371527777777778 0.12708333333333333 0.3472222222222222
3 0.625 0.6024305555555556 0.04791666666666667 0.1875
3 0.5822916666666667 0.5789930555555556 0.06666666666666667 0.2309027777777778
3 0.5104166666666666 0.5746527777777778 0.041666666666666664 0.13541666666666666
3 0.4375 0.5807291666666666 0.058333333333333334 0.19270833333333334
3 0.38125 0.5789930555555556 0.0625 0.1996527777777778
8 0.4791666666666667 0.7760416666666666 0.3333333333333333 0.4513888888888889
8 0.825 0.8784722222222222 0.35208333333333336 0.2465277777777778
6 0.6567708333333333 0.2734375 0.6885416666666667 0.5295138888888888
9 0.07083333333333333 0.4383680555555556 0.08333333333333333 0.2621527777777778
