0 0.3296875 0.5980902777777778 0.165625 0.2378472222222222
0 0.76875 0.6510416666666666 0.42083333333333334 0.2986111111111111
3 0.4713541666666667 0.5633680555555556 0.04895833333333333 0.1232638888888889
3 0.7223958333333333 0.6701388888888888 0.121875 0.4548611111111111
4 0.06197916666666667 0.3671875 0.109375 0.2934027777777778
5 0.14166666666666666 0.6362847222222222 0.27291666666666664 0.2065972222222222
6 0.5729166666666666 0.3368055555555556 0.225 0.3993055555555556
6 0.821875 0.265625 0.35833333333333334 0.5104166666666666
6 0.159375 0.2777777777777778 0.20208333333333334 0.5381944444444444
6 0.37552083333333336 0.3038194444444444 0.21354166666666666 0.4097222222222222
8 0.503125 0.8897569444444444 0.9958333333333333 0.22395833333333334
8 0.5286458333333334 0.6536458333333334 0.19270833333333334 0.21354166666666666
