2 0.4015625 0.5989583333333334 0.036458333333333336 0.10069444444444445
4 0.15416666666666667 0.4357638888888889 0.30625 0.8611111111111112
5 0.23229166666666667 0.7795138888888888 0.2520833333333333 0.4375
5 0.86875 0.6831597222222222 0.26458333333333334 0.2795138888888889
5 0.5453125 0.59375 0.11354166666666667 0.12152777777777778
5 0.4453125 0.5598958333333334 0.071875 0.043402777777777776
3 0.3796875 0.5329861111111112 0.08020833333333334 0.08680555555555555
3 0.621875 0.6085069444444444 0.06875 0.3107638888888889
3 0.703125 0.6258680555555556 0.06458333333333334 0.296875
3 0.8005208333333333 0.6953125 0.12395833333333334 0.4739583333333333
8 0.4734375 0.7690972222222222 0.31979166666666664 0.4375
8 0.8119791666666667 0.8489583333333334 0.378125 0.3055555555555556
6 0.659375 0.2769097222222222 0.6833333333333333 0.5364583333333334
9 0.07447916666666667 0.4288194444444444 0.065625 0.2569444444444444
