2 0.36875 0.5729166666666666 0.0375 0.06597222222222222
4 0.15572916666666667 0.4340277777777778 0.309375 0.8611111111111112
5 0.22447916666666667 0.7873263888888888 0.23854166666666668 0.4288194444444444
5 0.8682291666666667 0.7100694444444444 0.265625 0.22569444444444445
5 0.5734375 0.6145833333333334 0.06354166666666666 0.0763888888888889
3 0.4322916666666667 0.5390625 0.041666666666666664 0.07465277777777778
3 0.3770833333333333 0.5407986111111112 0.04791666666666667 0.08854166666666667
3 0.5119791666666667 0.6119791666666666 0.08854166666666667 0.2552083333333333
3 0.6375 0.6171875 0.07083333333333333 0.3142361111111111
3 0.7083333333333334 0.6354166666666666 0.06666666666666667 0.2638888888888889
8 0.46197916666666666 0.7673611111111112 0.28020833333333334 0.46875
8 0.8067708333333333 0.8368055555555556 0.3885416666666667 0.3298611111111111
6 0.659375 0.2951388888888889 0.6833333333333333 0.5694444444444444
9 0.06614583333333333 0.4418402777777778 0.07395833333333333 0.2760416666666667
