0 0.32916666666666666 0.5963541666666666 0.16666666666666666 0.24479166666666666
0 0.6875 0.5850694444444444 0.15416666666666667 0.1701388888888889
0 0.4322916666666667 0.53125 0.025 0.03819444444444445
3 0.6005208333333333 0.5564236111111112 0.023958333333333335 0.0642361111111111
3 0.7921875 0.6102430555555556 0.046875 0.1545138888888889
4 0.0640625 0.3758680555555556 0.121875 0.2517361111111111
5 0.15260416666666668 0.6397569444444444 0.290625 0.2065972222222222
5 0.5401041666666667 0.5520833333333334 0.10520833333333333 0.0625
6 0.14427083333333332 0.2612847222222222 0.18645833333333334 0.515625
6 0.4661458333333333 0.2421875 0.4635416666666667 0.4809027777777778
6 0.5739583333333333 0.4383680555555556 0.08333333333333333 0.24479166666666666
6 0.8192708333333333 0.2534722222222222 0.36354166666666665 0.4861111111111111
6 0.8630208333333333 0.5850694444444444 0.03854166666666667 0.2152777777777778
6 0.9145833333333333 0.5616319444444444 0.041666666666666664 0.18229166666666666
6 0.9755208333333333 0.5642361111111112 0.051041666666666666 0.2048611111111111
8 0.51875 0.7829861111111112 0.19583333333333333 0.4375
8 0.8125 0.8428819444444444 0.3770833333333333 0.3177083333333333
8 0.21197916666666666 0.8984375 0.4114583333333333 0.2065972222222222
