0 0.3296875 0.5911458333333334 0.15729166666666666 0.2170138888888889
0 0.6776041666666667 0.5824652777777778 0.140625 0.1579861111111111
3 0.4588541666666667 0.5477430555555556 0.04479166666666667 0.10590277777777778
3 0.8 0.6831597222222222 0.12291666666666666 0.4704861111111111
5 0.14166666666666666 0.6085069444444444 0.27291666666666664 0.22743055555555555
5 0.5489583333333333 0.5538194444444444 0.08333333333333333 0.04861111111111111
6 0.8708333333333333 0.5329861111111112 0.035416666666666666 0.1597222222222222
6 0.9208333333333333 0.5425347222222222 0.04791666666666667 0.1753472222222222
6 0.9770833333333333 0.5494791666666666 0.04791666666666667 0.1753472222222222
6 0.11770833333333333 0.2482638888888889 0.23125 0.4722222222222222
6 0.48333333333333334 0.2534722222222222 0.48125 0.4826388888888889
6 0.8182291666666667 0.2265625 0.365625 0.4427083333333333
8 0.5015625 0.9010416666666666 0.9989583333333333 0.2013888888888889
8 0.6671875 0.7378472222222222 0.6447916666666667 0.09722222222222222
8 0.5125 0.6302083333333334 0.175 0.1076388888888889
