4 0.15520833333333334 0.4479166666666667 0.30833333333333335 0.8854166666666666
4 0.8914385416666666 0.3714074652777778 0.21875 0.3038194444444444
5 0.2265625 0.7795138888888888 0.2552083333333333 0.4444444444444444
5 0.9173281249999999 0.7141689236111112 0.1625 0.2204861111111111
5 0.5458333333333333 0.5934585069444445 0.22291666666666668 0.0763888888888889
5 0.8039423958333334 0.5769147569444445 0.084375 0.08159722222222222
3 0.38045541666666666 0.5308951388888888 0.084375 0.07291666666666667
3 0.7025015104166666 0.7310548611111112 0.31970802083333333 0.5413625
1 0.405010625 0.5583687500000001 0.04583333333333333 0.04513888888888889
8 0.4875 0.7874024305555555 0.33541666666666664 0.4253472222222222
8 0.8234375 0.8602430555555556 0.35520833333333335 0.2829861111111111
6 0.6604166666666667 0.2916666666666667 0.68125 0.5729166666666666
9 0.06510416666666667 0.4357638888888889 0.06770833333333333 0.2673611111111111
