4 0.15520833333333334 0.4427083333333333 0.30833333333333335 0.8784722222222222
5 0.22916666666666666 0.7795138888888888 0.25416666666666665 0.4444444444444444
5 0.8703125 0.6796875 0.26145833333333335 0.21354166666666666
5 0.64375 0.6180555555555556 0.17083333333333334 0.14583333333333334
3 0.3734375 0.5512152777777778 0.06354166666666666 0.0954861111111111
3 0.4395833333333333 0.5529513888888888 0.03125 0.0920138888888889
3 0.5328125 0.6258680555555556 0.071875 0.3177083333333333
3 0.48854166666666665 0.5720486111111112 0.04375 0.13020833333333334
8 0.46770833333333334 0.7795138888888888 0.29583333333333334 0.4444444444444444
8 0.8020833333333334 0.8472222222222222 0.38958333333333334 0.2916666666666667
6 0.6546875 0.2769097222222222 0.690625 0.5434027777777778
9 0.06510416666666667 0.4296875 0.07604166666666666 0.265625
