0 0.3359375 0.5946180555555556 0.15104166666666666 0.22395833333333334
0 0.6864583333333333 0.5798611111111112 0.15833333333333333 0.15625
3 0.55 0.5529513888888888 0.058333333333333334 0.11284722222222222
3 0.4484375 0.5407986111111112 0.071875 0.08159722222222222
5 0.14479166666666668 0.6067708333333334 0.28125 0.2586805555555556
5 0.7901041666666667 0.609375 0.11145833333333334 0.06597222222222222
6 0.5005208333333333 0.2586805555555556 1.0 0.5069444444444444
6 0.9260416666666667 0.546875 0.15 0.21180555555555555
8 0.5015625 0.8967013888888888 0.9989583333333333 0.21006944444444445
8 0.6901041666666666 0.7256944444444444 0.6052083333333333 0.11805555555555555
8 0.5020833333333333 0.6050347222222222 0.19583333333333333 0.10590277777777778
