0 0.33541666666666664 0.5911458333333334 0.15416666666666667 0.2204861111111111
0 0.6817708333333333 0.5772569444444444 0.16145833333333334 0.14756944444444445
3 0.6276041666666666 0.5807291666666666 0.065625 0.21006944444444445
3 0.6885416666666667 0.5885416666666666 0.05416666666666667 0.22569444444444445
3 0.4317708333333333 0.53125 0.04895833333333333 0.04861111111111111
5 0.14739583333333334 0.6284722222222222 0.28229166666666666 0.22569444444444445
5 0.790625 0.6111111111111112 0.12708333333333333 0.052083333333333336
5 0.5390625 0.5572916666666666 0.08645833333333333 0.052083333333333336
6 0.5020833333333333 0.2569444444444444 0.9979166666666667 0.5
6 0.9197916666666667 0.5425347222222222 0.1625 0.1753472222222222
8 0.503125 0.8975694444444444 0.9958333333333333 0.20833333333333334
8 0.5010416666666667 0.6814236111111112 0.1875 0.2065972222222222
8 0.7973958333333333 0.7291666666666666 0.39895833333333336 0.1076388888888889
