2 0.6505208333333333 0.7239583333333334 0.06770833333333333 0.2013888888888889
3 0.36614583333333334 0.5277777777777778 0.06145833333333333 0.06597222222222222
3 0.428125 0.5928819444444444 0.08333333333333333 0.24479166666666666
3 0.6515625 0.640625 0.08645833333333333 0.3645833333333333
3 0.8135416666666667 0.6623263888888888 0.08541666666666667 0.3663194444444444
4 0.14479166666666668 0.3862847222222222 0.28541666666666665 0.765625
4 0.8864583333333333 0.2986111111111111 0.22916666666666666 0.3055555555555556
5 0.2265625 0.8055555555555556 0.234375 0.3923611111111111
5 0.7359375 0.6423611111111112 0.071875 0.1701388888888889
5 0.9234375 0.6987847222222222 0.15520833333333334 0.1996527777777778
5 0.5484375 0.5989583333333334 0.13229166666666667 0.10069444444444445
6 0.6489583333333333 0.2777777777777778 0.7041666666666667 0.5451388888888888
6 0.7859375 0.3359375 0.43020833333333336 0.6684027777777778
8 0.4864583333333333 0.7725694444444444 0.33958333333333335 0.4583333333333333
8 0.8338541666666667 0.8567708333333334 0.334375 0.2899305555555556
9 0.0703125 0.4401041666666667 0.053125 0.265625
