0 0.3307291666666667 0.5963541666666666 0.15520833333333334 0.2204861111111111
0 0.6802083333333333 0.5729166666666666 0.14375 0.1527777777777778
3 0.43072916666666666 0.5355902777777778 0.03854166666666667 0.057291666666666664
3 0.5041666666666667 0.5529513888888888 0.025 0.08854166666666667
3 0.4661458333333333 0.5503472222222222 0.026041666666666668 0.08680555555555555
3 0.7932291666666667 0.6163194444444444 0.042708333333333334 0.14583333333333334
5 0.15052083333333333 0.6362847222222222 0.290625 0.171875
5 0.06041666666666667 0.4878472222222222 0.11875 0.12152777777777778
6 0.11510416666666666 0.2734375 0.21979166666666666 0.5364583333333334
6 0.5354166666666667 0.2760416666666667 0.15 0.5486111111111112
6 0.8088541666666667 0.2586805555555556 0.378125 0.5
6 0.3416666666666667 0.2421875 0.21666666666666667 0.4600694444444444
8 0.503125 0.9010416666666666 0.9958333333333333 0.2013888888888889
8 0.6536458333333334 0.7361111111111112 0.671875 0.11458333333333333
8 0.503125 0.6111111111111112 0.18958333333333333 0.10069444444444445
