0 0.33645833333333336 0.5980902777777778 0.15208333333333332 0.2204861111111111
0 0.6848958333333334 0.5746527777777778 0.153125 0.14930555555555555
3 0.46197916666666666 0.5789930555555556 0.040625 0.16493055555555555
3 0.5322916666666667 0.5677083333333334 0.04375 0.12152777777777778
3 0.8973958333333333 0.6571180555555556 0.07604166666666666 0.3940972222222222
3 0.9770833333333333 0.6684027777777778 0.04791666666666667 0.3819444444444444
5 0.14479166666666668 0.5998263888888888 0.2875 0.2899305555555556
5 0.7916666666666666 0.6137152777777778 0.12708333333333333 0.0642361111111111
5 0.5833333333333334 0.5711805555555556 0.035416666666666666 0.052083333333333336
6 0.5026041666666666 0.2942708333333333 0.996875 0.5815972222222222
8 0.5026041666666666 0.8949652777777778 0.996875 0.21354166666666666
8 0.6682291666666667 0.7213541666666666 0.5552083333333333 0.109375
8 0.5135416666666667 0.6076388888888888 0.18125 0.10069444444444445
