0 0.3411458333333333 0.5980902777777778 0.146875 0.2309027777777778
0 0.69375 0.5763888888888888 0.14375 0.1527777777777778
2 0.615625 0.6380208333333334 0.07083333333333333 0.15104166666666666
3 0.6140625 0.5425347222222222 0.053125 0.1267361111111111
3 0.9046875 0.6024305555555556 0.053125 0.21180555555555555
5 0.521875 0.5477430555555556 0.1125 0.0642361111111111
5 0.1453125 0.5989583333333334 0.2864583333333333 0.28125
5 0.7953125 0.6163194444444444 0.128125 0.059027777777777776
6 0.5010416666666667 0.2734375 1.0 0.5399305555555556
6 0.9234375 0.5442708333333334 0.15520833333333334 0.19270833333333334
8 0.5010416666666667 0.8871527777777778 1.0 0.22916666666666666
8 0.6932291666666667 0.7135416666666666 0.6072916666666667 0.09722222222222222
8 0.5 0.6006944444444444 0.15625 0.11458333333333333
