0 0.6875 0.5763888888888888 0.15208333333333332 0.16319444444444445
1 0.4359375 0.5217013888888888 0.019791666666666666 0.050347222222222224
3 0.3453125 0.6701388888888888 0.14895833333333333 0.6493055555555556
3 0.4713541666666667 0.5572916666666666 0.026041666666666668 0.14583333333333334
3 0.5067708333333333 0.5434027777777778 0.034375 0.0798611111111111
3 0.6026041666666667 0.5607638888888888 0.015625 0.04861111111111111
3 0.7927083333333333 0.6232638888888888 0.0375 0.16319444444444445
3 0.44114583333333335 0.5138888888888888 0.08020833333333334 0.059027777777777776
5 0.1140625 0.6171875 0.22395833333333334 0.22743055555555555
6 0.1109375 0.2526041666666667 0.221875 0.4878472222222222
6 0.8692708333333333 0.5442708333333334 0.03854166666666667 0.234375
6 0.9203125 0.5399305555555556 0.051041666666666666 0.21875
6 0.978125 0.5529513888888888 0.04583333333333333 0.22743055555555555
6 0.8208333333333333 0.2569444444444444 0.36041666666666666 0.4930555555555556
6 0.43333333333333335 0.1753472222222222 0.40625 0.3333333333333333
6 0.5166666666666667 0.4574652777777778 0.17708333333333334 0.203125
8 0.5026041666666666 0.9027777777777778 0.996875 0.19791666666666666
8 0.5208333333333334 0.6831597222222222 0.18125 0.2204861111111111
8 0.8119791666666667 0.7387152777777778 0.378125 0.13368055555555555
