4 0.15520833333333334 0.4479166666666667 0.30833333333333335 0.8854166666666666
4 0.8914385416666666 0.3714074652777778 0.21875 0.3038194444444444
5 0.2265625 0.7795138888888888 0.2552083333333333 0.4444444444444444
5 0.6032314583333334 0.6002763020833333 0.23503645833333334 0.1484185763888889
5 0.8223958333333333 0.6779513888888888 0.165625 0.1684027777777778
3 0.3718065625 0.5352354166666666 0.07291666666666667 0.08159722222222222
3 0.9309534895833332 0.6671862847222223 0.1401155208333333 0.4866180555555555
3 0.44410734375 0.5455317708333334 0.07445260416666667 0.13138680555555554
1 0.8388002083333334 0.8671938368055555 0.3207725 0.2686282986111111
8 0.4672939583333333 0.7874024305555555 0.328125 0.4253472222222222
8 0.74410734375 0.8514230902777777 0.23065697916666666 0.3003472222222222
6 0.6604166666666667 0.2916666666666667 0.68125 0.5729166666666666
9 0.06510416666666667 0.4357638888888889 0.06770833333333333 0.2673611111111111
