0 0.3302083333333333 0.5946180555555556 0.16875 0.234375
0 0.6885416666666667 0.5720486111111112 0.14583333333333334 0.15104166666666666
3 0.5432291666666667 0.5833333333333334 0.053125 0.1840277777777778
3 0.5994791666666667 0.5789930555555556 0.04479166666666667 0.1579861111111111
3 0.7921875 0.6215277777777778 0.051041666666666666 0.15625
4 0.0625 0.3402777777777778 0.12916666666666668 0.3194444444444444
5 0.14895833333333333 0.6145833333333334 0.29583333333333334 0.22916666666666666
5 0.45729166666666665 0.5138888888888888 0.075 0.06944444444444445
6 0.9171875 0.5642361111111112 0.040625 0.2222222222222222
6 0.8677083333333333 0.5494791666666666 0.05 0.1892361111111111
6 0.9786458333333333 0.5763888888888888 0.04479166666666667 0.23958333333333334
6 0.8182291666666667 0.3194444444444444 0.2864583333333333 0.6076388888888888
6 0.5744791666666667 0.3185763888888889 0.21979166666666666 0.4253472222222222
6 0.15833333333333333 0.2942708333333333 0.20416666666666666 0.5572916666666666
6 0.37083333333333335 0.2795138888888889 0.1875 0.4305555555555556
8 0.49947916666666664 0.9157986111111112 0.9947916666666666 0.171875
8 0.6697916666666667 0.7413194444444444 0.48125 0.1736111111111111
8 0.5036458333333333 0.7847222222222222 0.15729166666666666 0.4340277777777778
