4 0.15364583333333334 0.4557291666666667 0.30520833333333336 0.9045138888888888
4 0.9037560416666667 0.3472222222222222 0.19375 0.3055555555555556
5 0.22864583333333333 0.7760416666666666 0.24270833333333333 0.4513888888888889
5 0.6041666666666666 0.6032986111111112 0.23125 0.15104166666666666
5 0.8015625 0.6449652777777778 0.13229166666666667 0.16145833333333334
3 0.38385416666666666 0.5286458333333334 0.08020833333333334 0.0642361111111111
3 0.46822916666666664 0.5510062499999999 0.09270833333333334 0.16666666666666666
3 0.7197840625 0.7039930555555556 0.2520833333333333 0.5954861111111112
1 0.7021935416666667 0.8585069444444444 0.590625 0.2864583333333333
8 0.45801781249999995 0.7687677083333333 0.27436895833333336 0.4659368055555555
8 0.9104166666666667 0.9001736111111112 0.18125 0.203125
6 0.6520833333333333 0.2864583333333333 0.6916666666666667 0.5520833333333334
9 0.06875 0.4288194444444444 0.075 0.2673611111111111
