2 0.3796875 0.5694444444444444 0.051041666666666666 0.08333333333333333
4 0.15520833333333334 0.4340277777777778 0.30833333333333335 0.8472222222222222
4 0.8979166666666667 0.3854166666666667 0.20625 0.2916666666666667
5 0.22083333333333333 0.7916666666666666 0.2520833333333333 0.4201388888888889
5 0.8666666666666667 0.6857638888888888 0.26875 0.22569444444444445
5 0.6026041666666667 0.6137152777777778 0.053125 0.1267361111111111
5 0.5125 0.5842013888888888 0.03333333333333333 0.08159722222222222
3 0.3619791666666667 0.5338541666666666 0.051041666666666666 0.109375
3 0.4552083333333333 0.5746527777777778 0.052083333333333336 0.1701388888888889
3 0.5505208333333333 0.5920138888888888 0.07395833333333333 0.21875
3 0.6510416666666666 0.6015625 0.05416666666666667 0.1892361111111111
8 0.45989583333333334 0.7734375 0.290625 0.4565972222222222
8 0.8010416666666667 0.8350694444444444 0.3875 0.3159722222222222
6 0.6609375 0.2708333333333333 0.6802083333333333 0.53125
9 0.06979166666666667 0.4314236111111111 0.058333333333333334 0.2621527777777778
