0 0.3307291666666667 0.5989583333333334 0.15520833333333334 0.2326388888888889
0 0.6833333333333333 0.5807291666666666 0.15 0.16145833333333334
3 0.5390625 0.5746527777777778 0.036458333333333336 0.14583333333333334
3 0.5807291666666666 0.5755208333333334 0.03854166666666667 0.1440972222222222
3 0.9229166666666667 0.6076388888888888 0.06041666666666667 0.3090277777777778
3 0.4666666666666667 0.5451388888888888 0.09583333333333334 0.07291666666666667
3 0.028125 0.6597222222222222 0.05416666666666667 0.4270833333333333
5 0.16666666666666666 0.6111111111111112 0.25833333333333336 0.2673611111111111
5 0.7973958333333333 0.6119791666666666 0.13020833333333334 0.07118055555555555
6 0.5010416666666667 0.2552083333333333 1.0 0.5069444444444444
6 0.8588541666666667 0.5373263888888888 0.057291666666666664 0.2065972222222222
6 0.9755208333333333 0.5581597222222222 0.036458333333333336 0.22395833333333334
8 0.5098958333333333 0.9010416666666666 0.9822916666666667 0.2013888888888889
8 0.69375 0.7248263888888888 0.6020833333333333 0.1267361111111111
8 0.4859375 0.6076388888888888 0.128125 0.06944444444444445
