0 0.3328125 0.5989583333333334 0.153125 0.22916666666666666
0 0.6828125 0.5755208333333334 0.15520833333333334 0.14756944444444445
3 0.4557291666666667 0.5416666666666666 0.078125 0.0798611111111111
3 0.5515625 0.5607638888888888 0.06354166666666666 0.11458333333333333
5 0.14635416666666667 0.6015625 0.290625 0.2760416666666667
5 0.7953125 0.6145833333333334 0.121875 0.06597222222222222
6 0.5010416666666667 0.2586805555555556 1.0 0.5
6 0.9177083333333333 0.5338541666666666 0.16666666666666666 0.2065972222222222
8 0.5010416666666667 0.8888888888888888 1.0 0.22569444444444445
8 0.6864583333333333 0.7135416666666666 0.6145833333333334 0.1111111111111111
8 0.50625 0.6059027777777778 0.18125 0.08333333333333333
