0 0.3338541666666667 0.5911458333333334 0.16145833333333334 0.2170138888888889
0 0.6828125 0.5868055555555556 0.15729166666666666 0.16666666666666666
3 0.5328125 0.5685763888888888 0.03229166666666667 0.1371527777777778
3 0.5697916666666667 0.5789930555555556 0.03958333333333333 0.13368055555555555
3 0.4505208333333333 0.5425347222222222 0.09270833333333334 0.08506944444444445
5 0.14322916666666666 0.6111111111111112 0.284375 0.2638888888888889
5 0.7927083333333333 0.6085069444444444 0.11666666666666667 0.05381944444444445
6 0.5005208333333333 0.2560763888888889 1.0 0.5052083333333334
6 0.9223958333333333 0.5607638888888888 0.15729166666666666 0.21180555555555555
8 0.5010416666666667 0.8940972222222222 1.0 0.2152777777777778
8 0.6609375 0.7291666666666666 0.671875 0.09027777777777778
8 0.46458333333333335 0.6180555555555556 0.1 0.1076388888888889
8 0.5546875 0.6440972222222222 0.07604166666666666 0.05555555555555555
