0 0.33645833333333336 0.5902777777777778 0.15208333333333332 0.21180555555555555
0 0.6822916666666666 0.5755208333333334 0.14166666666666666 0.1440972222222222
3 0.45 0.5477430555555556 0.022916666666666665 0.08159722222222222
3 0.5067708333333333 0.546875 0.034375 0.08680555555555555
3 0.7932291666666667 0.6189236111111112 0.03854166666666667 0.16145833333333334
3 0.6010416666666667 0.5651041666666666 0.020833333333333332 0.0642361111111111
5 0.1421875 0.6163194444444444 0.28020833333333334 0.22569444444444445
6 0.11041666666666666 0.2543402777777778 0.225 0.4913194444444444
6 0.6182291666666667 0.24739583333333334 0.765625 0.4774305555555556
6 0.8671875 0.5572916666666666 0.036458333333333336 0.1840277777777778
6 0.915625 0.5503472222222222 0.052083333333333336 0.1701388888888889
6 0.9760416666666667 0.5572916666666666 0.05 0.2013888888888889
8 0.5026041666666666 0.9071180555555556 0.996875 0.1892361111111111
8 0.5171875 0.6831597222222222 0.18854166666666666 0.2482638888888889
8 0.8114583333333333 0.734375 0.37916666666666665 0.14583333333333334
