0 0.33229166666666665 0.5946180555555556 0.14375 0.203125
0 0.6848958333333334 0.5729166666666666 0.146875 0.15625
3 0.4401041666666667 0.5434027777777778 0.053125 0.09375
3 0.7895833333333333 0.6258680555555556 0.041666666666666664 0.14756944444444445
3 0.6020833333333333 0.5659722222222222 0.025 0.05555555555555555
5 0.1375 0.6128472222222222 0.27708333333333335 0.2361111111111111
5 0.5369791666666667 0.5546875 0.08229166666666667 0.050347222222222224
5 0.7505208333333333 0.6067708333333334 0.026041666666666668 0.05381944444444445
5 0.8375 0.6189236111111112 0.0375 0.022569444444444444
6 0.5010416666666667 0.2604166666666667 1.0 0.4965277777777778
6 0.9161458333333333 0.5486111111111112 0.16979166666666667 0.19444444444444445
8 0.5036458333333333 0.8967013888888888 0.9947916666666666 0.21006944444444445
8 0.5036458333333333 0.6840277777777778 0.19895833333333332 0.2013888888888889
8 0.8072916666666666 0.7361111111111112 0.3875 0.1423611111111111
