4 0.153125 0.4340277777777778 0.30416666666666664 0.8472222222222222
4 0.8895833333333333 0.3758680555555556 0.22291666666666668 0.3211805555555556
5 0.8442708333333333 0.6640625 0.31354166666666666 0.2309027777777778
5 0.5302386979166667 0.5798611111111112 0.21751822916666666 0.1111111111111111
5 0.23333333333333334 0.7829861111111112 0.25625 0.4375
3 0.37395833333333334 0.5329861111111112 0.07708333333333334 0.08333333333333333
3 0.5046761458333333 0.6069545138888889 0.06666666666666667 0.2361111111111111
3 0.5463541666666667 0.5989583333333334 0.04479166666666667 0.18055555555555555
8 0.46770833333333334 0.7847222222222222 0.29583333333333334 0.4340277777777778
8 0.8052083333333333 0.8446180555555556 0.39166666666666666 0.3142361111111111
6 0.6588541666666666 0.2760416666666667 0.684375 0.5347222222222222
9 0.06979166666666667 0.4322916666666667 0.07083333333333333 0.2638888888888889
