0 0.3260416666666667 0.6024305555555556 0.16458333333333333 0.2326388888888889
0 0.6427083333333333 0.5746527777777778 0.07708333333333334 0.14930555555555555
3 0.5359375 0.5555555555555556 0.030208333333333334 0.1111111111111111
3 0.790625 0.6215277777777778 0.04375 0.14583333333333334
3 0.70625 0.6293402777777778 0.075 0.3142361111111111
3 0.4119791666666667 0.5243055555555556 0.028125 0.059027777777777776
4 0.0625 0.3125 0.12291666666666666 0.34375
5 0.1546875 0.6215277777777778 0.28854166666666664 0.2361111111111111
5 0.8390625 0.6076388888888888 0.03854166666666667 0.04861111111111111
5 0.5802083333333333 0.5607638888888888 0.04791666666666667 0.07291666666666667
6 0.1296875 0.2482638888888889 0.19270833333333334 0.4861111111111111
6 0.7552083333333334 0.2847222222222222 0.48541666666666666 0.5625
6 0.590625 0.2569444444444444 0.23125 0.5104166666666666
6 0.3484375 0.2647569444444444 0.22604166666666667 0.4774305555555556
8 0.70625 0.8246527777777778 0.5666666666666667 0.3263888888888889
8 0.49947916666666664 0.5763888888888888 0.16145833333333334 0.13541666666666666
