0 0.3307291666666667 0.5902777777777778 0.15520833333333334 0.22569444444444445
0 0.6838541666666667 0.5833333333333334 0.159375 0.16666666666666666
3 0.5510416666666667 0.5625 0.0625 0.11805555555555555
3 0.45260416666666664 0.5381944444444444 0.08645833333333333 0.08333333333333333
5 0.14427083333333332 0.6111111111111112 0.28854166666666664 0.2534722222222222
5 0.7864583333333334 0.6119791666666666 0.10833333333333334 0.06076388888888889
6 0.5005208333333333 0.2578125 1.0 0.5086805555555556
6 0.9208333333333333 0.5451388888888888 0.16041666666666668 0.24305555555555555
8 0.5015625 0.8871527777777778 0.9989583333333333 0.22916666666666666
8 0.6921875 0.7109375 0.6052083333333333 0.0920138888888889
8 0.5036458333333333 0.6041666666666666 0.18229166666666666 0.09722222222222222
