0 0.334375 0.5980902777777778 0.16458333333333333 0.2378472222222222
0 0.6869791666666667 0.578125 0.14895833333333333 0.16666666666666666
3 0.603125 0.5633680555555556 0.020833333333333332 0.07465277777777778
3 0.7916666666666666 0.6163194444444444 0.04791666666666667 0.15625
4 0.04895833333333333 0.3324652777777778 0.09791666666666667 0.2309027777777778
5 0.1484375 0.6180555555555556 0.278125 0.2708333333333333
5 0.5291666666666667 0.5460069444444444 0.11875 0.05381944444444445
5 0.8453125 0.6189236111111112 0.042708333333333334 0.057291666666666664
6 0.15416666666666667 0.2604166666666667 0.20416666666666666 0.5034722222222222
6 0.7192708333333333 0.4548611111111111 0.09479166666666666 0.11805555555555555
6 0.8661458333333333 0.5338541666666666 0.036458333333333336 0.2065972222222222
6 0.9192708333333334 0.5512152777777778 0.04895833333333333 0.2170138888888889
6 0.9770833333333333 0.5520833333333334 0.04791666666666667 0.2152777777777778
6 0.790625 0.2543402777777778 0.325 0.4982638888888889
6 0.5619791666666667 0.3663194444444444 0.15729166666666666 0.4097222222222222
6 0.4083333333333333 0.24305555555555555 0.28541666666666665 0.4618055555555556
8 0.503125 0.9045138888888888 0.9958333333333333 0.19444444444444445
8 0.5171875 0.7699652777777778 0.18645833333333334 0.4635416666666667
8 0.8109375 0.8402777777777778 0.3802083333333333 0.3229166666666667
