0 0.34010416666666665 0.5989583333333334 0.14479166666666668 0.22916666666666666
0 0.6911458333333333 0.5703125 0.153125 0.15104166666666666
2 0.596875 0.6293402777777778 0.06458333333333334 0.1232638888888889
3 0.5979166666666667 0.5407986111111112 0.05 0.10243055555555555
3 0.9041666666666667 0.6050347222222222 0.04791666666666667 0.19618055555555555
3 0.4244791666666667 0.5243055555555556 0.04895833333333333 0.04861111111111111
5 0.15052083333333333 0.6076388888888888 0.290625 0.28125
5 0.79375 0.609375 0.11458333333333333 0.06597222222222222
5 0.5104166666666666 0.5477430555555556 0.11458333333333333 0.057291666666666664
6 0.5015625 0.2890625 0.9989583333333333 0.5607638888888888
6 0.9213541666666667 0.5564236111111112 0.159375 0.19618055555555555
8 0.5026041666666666 0.8880208333333334 0.996875 0.22743055555555555
8 0.696875 0.7048611111111112 0.6 0.11805555555555555
8 0.49166666666666664 0.5920138888888888 0.14375 0.08680555555555555
