4 0.22864583333333333 0.3133680555555556 0.33645833333333336 0.3871527777777778
4 0.5046875 0.3524305555555556 0.14895833333333333 0.2361111111111111
4 0.8765625 0.2534722222222222 0.24895833333333334 0.2986111111111111
5 0.28229166666666666 0.5651041666666666 0.2 0.10590277777777778
5 0.31927083333333334 0.4904513888888889 0.06770833333333333 0.1267361111111111
5 0.91875 0.4644097222222222 0.16458333333333333 0.24131944444444445
0 0.646875 0.4956597222222222 0.04375 0.06076388888888889
0 0.7609375 0.5338541666666666 0.16354166666666667 0.2170138888888889
0 0.08333333333333333 0.5381944444444444 0.13541666666666666 0.11805555555555555
3 0.4473958333333333 0.5668402777777778 0.10520833333333333 0.2552083333333333
3 0.53125 0.5416666666666666 0.04375 0.17708333333333334
3 0.46875 0.5121527777777778 0.035416666666666666 0.10416666666666667
3 0.4895833333333333 0.4904513888888889 0.029166666666666667 0.08506944444444445
3 0.575 0.5086805555555556 0.025 0.10416666666666667
3 0.5973958333333333 0.5069444444444444 0.028125 0.1076388888888889
3 0.6223958333333334 0.4991319444444444 0.036458333333333336 0.08854166666666667
3 0.8572916666666667 0.5425347222222222 0.06875 0.2690972222222222
1 0.4390625 0.6223958333333334 0.228125 0.19270833333333334
8 0.5005208333333333 0.8038194444444444 0.9989583333333333 0.3784722222222222
8 0.5572916666666666 0.5477430555555556 0.22916666666666666 0.11631944444444445
7 0.22708333333333333 0.4609375 0.12291666666666666 0.11631944444444445
6 0.029166666666666667 0.25 0.05 0.4826388888888889
6 0.20729166666666668 0.11197916666666667 0.2916666666666667 0.2065972222222222
6 0.4010416666666667 0.234375 0.37083333333333335 0.4652777777777778
6 0.7302083333333333 0.20399305555555555 0.05625 0.3975694444444444
6 0.6453125 0.2586805555555556 0.10729166666666666 0.4236111111111111
6 0.8776041666666666 0.09461805555555555 0.24479166666666666 0.18229166666666666
6 0.9583333333333334 0.3003472222222222 0.08541666666666667 0.4652777777777778
9 0.8067708333333333 0.2621527777777778 0.017708333333333333 0.09375
9 0.7765625 0.2890625 0.028125 0.109375
