0 0.33541666666666664 0.5885416666666666 0.1625 0.2152777777777778
0 0.6838541666666667 0.5737847222222222 0.16145833333333334 0.1545138888888889
3 0.44166666666666665 0.5399305555555556 0.04791666666666667 0.09027777777777778
3 0.7895833333333333 0.6276041666666666 0.04583333333333333 0.1579861111111111
5 0.14322916666666666 0.6197916666666666 0.28854166666666664 0.2465277777777778
5 0.5375 0.5668402777777778 0.09375 0.07465277777777778
5 0.8302083333333333 0.6223958333333334 0.041666666666666664 0.050347222222222224
5 0.7515625 0.6163194444444444 0.03229166666666667 0.059027777777777776
6 0.5 0.2569444444444444 1.0 0.5
6 0.9265625 0.5407986111111112 0.14895833333333333 0.1857638888888889
8 0.5020833333333333 0.8888888888888888 0.9979166666666667 0.22569444444444445
8 0.515625 0.6727430555555556 0.19166666666666668 0.19270833333333334
8 0.8098958333333334 0.7152777777777778 0.38229166666666664 0.10069444444444445
