0 0.334375 0.5972222222222222 0.14583333333333334 0.22916666666666666
0 0.7114583333333333 0.5711805555555556 0.09583333333333334 0.1284722222222222
0 0.8604166666666667 0.7291666666666666 0.28125 0.5451388888888888
1 0.6432291666666666 0.6770833333333334 0.090625 0.16319444444444445
3 0.4640625 0.5685763888888888 0.042708333333333334 0.11979166666666667
3 0.6453125 0.5633680555555556 0.06770833333333333 0.11284722222222222
5 0.15208333333333332 0.6171875 0.29375 0.2170138888888889
5 0.546875 0.5590277777777778 0.075 0.04513888888888889
6 0.49947916666666664 0.2265625 1.0 0.4357638888888889
6 0.5239583333333333 0.4244791666666667 0.14791666666666667 0.2517361111111111
8 0.35520833333333335 0.9027777777777778 0.7020833333333333 0.19791666666666666
8 0.5151041666666667 0.6996527777777778 0.17395833333333333 0.19791666666666666
