0 0.3375 0.5963541666666666 0.15 0.234375
0 0.6833333333333333 0.5824652777777778 0.14791666666666667 0.1579861111111111
3 0.9119791666666667 0.6319444444444444 0.06354166666666666 0.2951388888888889
3 0.5567708333333333 0.5659722222222222 0.059375 0.125
3 0.4588541666666667 0.5407986111111112 0.09479166666666666 0.08854166666666667
5 0.14583333333333334 0.6076388888888888 0.2916666666666667 0.2465277777777778
5 0.79375 0.6137152777777778 0.11875 0.06770833333333333
6 0.5010416666666667 0.2621527777777778 1.0 0.5069444444444444
6 0.8677083333333333 0.5494791666666666 0.03333333333333333 0.2309027777777778
6 0.9703125 0.5607638888888888 0.06145833333333333 0.24305555555555555
8 0.503125 0.8967013888888888 0.9958333333333333 0.21006944444444445
8 0.5197916666666667 0.6788194444444444 0.20625 0.21180555555555555
8 0.7510416666666667 0.7239583333333334 0.24375 0.11458333333333333
8 0.9645833333333333 0.7456597222222222 0.06041666666666667 0.08506944444444445
