0 0.33125 0.6024305555555556 0.14791666666666667 0.2326388888888889
0 0.56875 0.5946180555555556 0.175 0.19618055555555555
0 0.6864583333333333 0.5590277777777778 0.12916666666666668 0.1388888888888889
3 0.43697916666666664 0.5842013888888888 0.04895833333333333 0.1996527777777778
3 0.790625 0.6241319444444444 0.05 0.16145833333333334
5 0.14947916666666666 0.6362847222222222 0.2947916666666667 0.17881944444444445
6 0.5010416666666667 0.2586805555555556 1.0 0.5
6 0.9223958333333333 0.5286458333333334 0.15729166666666666 0.1371527777777778
8 0.5046875 0.8984375 0.9927083333333333 0.2065972222222222
8 0.6854166666666667 0.7404513888888888 0.5770833333333333 0.13020833333333334
