0 0.3307291666666667 0.5989583333333334 0.15520833333333334 0.25
0 0.6833333333333333 0.578125 0.15 0.16666666666666666
3 0.5489583333333333 0.5876736111111112 0.05 0.18229166666666666
3 0.5869791666666667 0.5815972222222222 0.028125 0.15625
3 0.79375 0.6180555555555556 0.041666666666666664 0.14930555555555555
4 0.07135416666666666 0.3324652777777778 0.128125 0.2829861111111111
5 0.14895833333333333 0.6267361111111112 0.29583333333333334 0.21875
5 0.8333333333333334 0.6119791666666666 0.041666666666666664 0.036458333333333336
5 0.4713541666666667 0.5303819444444444 0.090625 0.057291666666666664
6 0.1359375 0.2743055555555556 0.21354166666666666 0.5277777777777778
6 0.5447916666666667 0.3411458333333333 0.23333333333333334 0.3559027777777778
6 0.8041666666666667 0.2786458333333333 0.39166666666666666 0.5364583333333334
6 0.8703125 0.5442708333333334 0.053125 0.19270833333333334
6 0.9270833333333334 0.5607638888888888 0.04375 0.2013888888888889
6 0.9802083333333333 0.5868055555555556 0.041666666666666664 0.23958333333333334
6 0.3385416666666667 0.2864583333333333 0.175 0.4201388888888889
8 0.7166666666666667 0.8428819444444444 0.5125 0.3003472222222222
8 0.22552083333333334 0.9184027777777778 0.4510416666666667 0.16666666666666666
8 0.4817708333333333 0.6328125 0.11354166666666667 0.109375
