0 0.328125 0.6067708333333334 0.15416666666666667 0.234375
0 0.7135416666666666 0.5703125 0.10625 0.1232638888888889
3 0.434375 0.6111111111111112 0.03958333333333333 0.2986111111111111
3 0.4984375 0.6006944444444444 0.034375 0.2777777777777778
3 0.6067708333333334 0.6128472222222222 0.046875 0.2847222222222222
3 0.6645833333333333 0.6119791666666666 0.05 0.2795138888888889
3 0.5671875 0.5651041666666666 0.03854166666666667 0.15104166666666666
3 0.7880208333333333 0.6197916666666666 0.04479166666666667 0.16319444444444445
4 0.06145833333333333 0.3463541666666667 0.1125 0.3420138888888889
5 0.14583333333333334 0.6380208333333334 0.28125 0.19270833333333334
6 0.15 0.2725694444444444 0.17708333333333334 0.5208333333333334
6 0.8296875 0.2578125 0.34270833333333334 0.5086805555555556
6 0.8666666666666667 0.5477430555555556 0.04583333333333333 0.2204861111111111
6 0.9197916666666667 0.5520833333333334 0.0625 0.21875
6 0.98125 0.5520833333333334 0.03958333333333333 0.2152777777777778
6 0.59375 0.3003472222222222 0.24375 0.3125
6 0.35520833333333335 0.23524305555555555 0.21875 0.4184027777777778
8 0.5026041666666666 0.8940972222222222 0.996875 0.19791666666666666
8 0.7239583333333334 0.7109375 0.525 0.140625
