4 0.15364583333333334 0.4557291666666667 0.30520833333333336 0.9045138888888888
4 0.9037560416666667 0.3472222222222222 0.19375 0.3055555555555556
5 0.22864583333333333 0.7760416666666666 0.24270833333333333 0.4513888888888889
5 0.856751875 0.6816833333333334 0.22916666666666666 0.19444444444444445
5 0.6218939583333333 0.6269831597222222 0.20520833333333333 0.109375
3 0.38875458333333335 0.5329861111111112 0.08125 0.0625
3 0.42621656249999995 0.6084942708333334 0.11458333333333333 0.2378472222222222
3 0.5557861458333334 0.5757045138888889 0.049635 0.15625
1 0.43209020833333334 0.6639548611111111 0.24895833333333334 0.19791666666666666
8 0.49947916666666664 0.7699652777777778 0.3572916666666667 0.4635416666666667
8 0.8447916666666667 0.8541666666666666 0.3125 0.2951388888888889
6 0.6520833333333333 0.2864583333333333 0.6916666666666667 0.5520833333333334
9 0.06875 0.4288194444444444 0.075 0.2673611111111111
