0 0.33541666666666664 0.5954861111111112 0.15208333333333332 0.2361111111111111
0 0.6828125 0.5694444444444444 0.15729166666666666 0.15625
3 0.5255208333333333 0.5616319444444444 0.028125 0.13020833333333334
3 0.49375 0.5564236111111112 0.04791666666666667 0.13368055555555555
3 0.4276041666666667 0.5295138888888888 0.04895833333333333 0.041666666666666664
3 0.9125 0.6657986111111112 0.08958333333333333 0.4322916666666667
5 0.13854166666666667 0.6206597222222222 0.275 0.24479166666666666
5 0.7942708333333334 0.6102430555555556 0.14270833333333333 0.0642361111111111
6 0.5010416666666667 0.2552083333333333 1.0 0.4965277777777778
6 0.971875 0.5173611111111112 0.058333333333333334 0.1701388888888889
6 0.8692708333333333 0.5112847222222222 0.057291666666666664 0.08854166666666667
8 0.5026041666666666 0.8949652777777778 0.996875 0.21354166666666666
8 0.6578125 0.7239583333333334 0.6677083333333333 0.09027777777777778
8 0.5104166666666666 0.6059027777777778 0.18958333333333333 0.1076388888888889
