4 0.15416666666666667 0.4392361111111111 0.30625 0.8611111111111112
4 0.8901041666666667 0.3723958333333333 0.221875 0.3072916666666667
5 0.22604166666666667 0.7838541666666666 0.24791666666666667 0.4322916666666667
5 0.8697916666666666 0.6727430555555556 0.2625 0.2065972222222222
5 0.6708333333333333 0.6371527777777778 0.13125 0.11458333333333333
3 0.4083333333333333 0.5954861111111112 0.11666666666666667 0.25
3 0.5333333333333333 0.5894097222222222 0.09166666666666666 0.21006944444444445
3 0.58125 0.5607638888888888 0.06875 0.16319444444444445
1 0.5411458333333333 0.6649305555555556 0.128125 0.20833333333333334
8 0.48125 0.7907986111111112 0.3333333333333333 0.421875
8 0.8197916666666667 0.8576388888888888 0.34791666666666665 0.2743055555555556
6 0.659375 0.2725694444444444 0.6833333333333333 0.5347222222222222
9 0.0734375 0.4366319444444444 0.078125 0.2899305555555556
