0 0.33177083333333335 0.6015625 0.146875 0.2309027777777778
0 0.66875 0.5729166666666666 0.13958333333333334 0.15625
3 0.7609375 0.6258680555555556 0.07395833333333333 0.3454861111111111
3 0.8692708333333333 0.6284722222222222 0.08645833333333333 0.3125
3 0.446875 0.5373263888888888 0.07083333333333333 0.05381944444444445
5 0.5401041666666667 0.5616319444444444 0.10104166666666667 0.06076388888888889
5 0.146875 0.6111111111111112 0.2833333333333333 0.2604166666666667
5 0.809375 0.6232638888888888 0.04375 0.034722222222222224
6 0.5 0.2543402777777778 1.0 0.4947916666666667
6 0.95 0.5451388888888888 0.10208333333333333 0.22569444444444445
8 0.5036458333333333 0.8967013888888888 0.9947916666666666 0.21006944444444445
8 0.5588541666666667 0.7222222222222222 0.3177083333333333 0.125
8 0.49270833333333336 0.6015625 0.18333333333333332 0.07465277777777778
8 0.8640625 0.7482638888888888 0.26979166666666665 0.0625
