0 0.3307291666666667 0.5963541666666666 0.15520833333333334 0.22395833333333334
0 0.5369791666666667 0.5720486111111112 0.109375 0.1371527777777778
0 0.6833333333333333 0.5729166666666666 0.14375 0.1527777777777778
3 0.46927083333333336 0.6137152777777778 0.059375 0.234375
3 0.4322916666666667 0.5321180555555556 0.027083333333333334 0.07118055555555555
3 0.7932291666666667 0.6232638888888888 0.03854166666666667 0.1527777777777778
5 0.14322916666666666 0.6154513888888888 0.28229166666666666 0.19618055555555555
6 0.5010416666666667 0.2560763888888889 1.0 0.4947916666666667
6 0.9270833333333334 0.5243055555555556 0.14791666666666667 0.1527777777777778
8 0.5041666666666667 0.9010416666666666 0.99375 0.2013888888888889
8 0.5229166666666667 0.7092013888888888 0.20625 0.19270833333333334
8 0.8171875 0.7387152777777778 0.36770833333333336 0.14756944444444445
