2 0.6484375 0.7057291666666666 0.09479166666666666 0.2725694444444444
3 0.45677083333333335 0.6553819444444444 0.10520833333333333 0.4079861111111111
3 0.37083333333333335 0.5347222222222222 0.058333333333333334 0.0798611111111111
3 0.5416666666666666 0.6467013888888888 0.09166666666666666 0.390625
3 0.6541666666666667 0.6449652777777778 0.075 0.3802083333333333
3 0.7911458333333333 0.6692708333333334 0.09479166666666666 0.3697916666666667
4 0.14895833333333333 0.4392361111111111 0.29375 0.8680555555555556
5 0.22760416666666666 0.7725694444444444 0.24479166666666666 0.4583333333333333
5 0.9177083333333333 0.7352430555555556 0.16666666666666666 0.17881944444444445
5 0.7098958333333333 0.6848958333333334 0.030208333333333334 0.11979166666666667
6 0.653125 0.2664930555555556 0.6958333333333333 0.5225694444444444
6 0.7354166666666667 0.4956597222222222 0.07083333333333333 0.5364583333333334
8 0.5552083333333333 0.7786458333333334 0.4479166666666667 0.4461805555555556
8 0.8864583333333333 0.8975694444444444 0.22291666666666668 0.19444444444444445
9 0.07604166666666666 0.4409722222222222 0.06041666666666667 0.2673611111111111
9 0.8708333333333333 0.2890625 0.2 0.3246527777777778
