0 0.32864583333333336 0.5963541666666666 0.15729166666666666 0.234375
0 0.6822916666666666 0.5798611111111112 0.14791666666666667 0.1597222222222222
1 0.434375 0.5321180555555556 0.029166666666666667 0.046875
2 0.17239583333333333 0.8611111111111112 0.34270833333333334 0.2534722222222222
3 0.1484375 0.5677083333333334 0.2947916666666667 0.7777777777777778
3 0.49583333333333335 0.5434027777777778 0.041666666666666664 0.06944444444444445
3 0.7885416666666667 0.6258680555555556 0.04583333333333333 0.15104166666666666
5 0.23958333333333334 0.5894097222222222 0.1125 0.2378472222222222
5 0.840625 0.59375 0.04583333333333333 0.052083333333333336
5 0.5640625 0.5503472222222222 0.06145833333333333 0.06597222222222222
6 0.13697916666666668 0.21788194444444445 0.17604166666666668 0.4184027777777778
6 0.5817708333333333 0.3541666666666667 0.165625 0.3402777777777778
6 0.8276041666666667 0.2690972222222222 0.346875 0.4965277777777778
6 0.8692708333333333 0.5685763888888888 0.051041666666666666 0.21354166666666666
6 0.9192708333333334 0.5642361111111112 0.03229166666666667 0.19444444444444445
6 0.9744791666666667 0.5572916666666666 0.053125 0.1736111111111111
6 0.37135416666666665 0.2526041666666667 0.23020833333333332 0.4496527777777778
8 0.5078125 0.7847222222222222 0.19270833333333334 0.4340277777777778
8 0.809375 0.8385416666666666 0.38333333333333336 0.3263888888888889
