0 0.3380208333333333 0.6032986111111112 0.14895833333333333 0.22395833333333334
0 0.6838541666666667 0.5729166666666666 0.14895833333333333 0.1527777777777778
3 0.5510416666666667 0.5625 0.029166666666666667 0.14583333333333334
3 0.5921875 0.5694444444444444 0.034375 0.13541666666666666
3 0.9760416666666667 0.6111111111111112 0.05 0.23958333333333334
3 0.45208333333333334 0.5477430555555556 0.022916666666666665 0.0920138888888889
3 0.48541666666666666 0.5616319444444444 0.029166666666666667 0.1232638888888889
3 0.5255208333333333 0.5538194444444444 0.03229166666666667 0.10416666666666667
3 0.4171875 0.5364583333333334 0.03229166666666667 0.0798611111111111
5 0.14739583333333334 0.6067708333333334 0.290625 0.2725694444444444
5 0.7994791666666666 0.6111111111111112 0.11979166666666667 0.059027777777777776
6 0.5010416666666667 0.25 1.0 0.4895833333333333
6 0.890625 0.5364583333333334 0.22083333333333333 0.2013888888888889
8 0.5765625 0.7647569444444444 0.36354166666666665 0.4670138888888889
8 0.8791666666666667 0.8480902777777778 0.24375 0.3072916666666667
8 0.1953125 0.8993055555555556 0.3885416666666667 0.2048611111111111
