0 0.34010416666666665 0.5989583333333334 0.14479166666666668 0.21875
0 0.6854166666666667 0.5833333333333334 0.16041666666666668 0.16319444444444445
2 0.5520833333333334 0.6032986111111112 0.04583333333333333 0.11631944444444445
3 0.55625 0.5564236111111112 0.04791666666666667 0.14756944444444445
3 0.42135416666666664 0.5260416666666666 0.04895833333333333 0.059027777777777776
3 0.9046875 0.6032986111111112 0.04895833333333333 0.2065972222222222
5 0.15 0.6067708333333334 0.3 0.2725694444444444
5 0.7921875 0.6128472222222222 0.11979166666666667 0.05555555555555555
5 0.5119791666666667 0.5520833333333334 0.046875 0.04861111111111111
6 0.5015625 0.2890625 0.9989583333333333 0.5677083333333334
6 0.91875 0.5616319444444444 0.16458333333333333 0.2065972222222222
8 0.5010416666666667 0.8810763888888888 1.0 0.24131944444444445
8 0.6921875 0.7048611111111112 0.603125 0.09027777777777778
8 0.5057291666666667 0.5963541666666666 0.203125 0.10243055555555555
