0 0.3359375 0.5980902777777778 0.153125 0.2204861111111111
0 0.6791666666666667 0.5694444444444444 0.13958333333333334 0.12152777777777778
3 0.4296875 0.5295138888888888 0.059375 0.0798611111111111
3 0.5286458333333334 0.6822916666666666 0.09479166666666666 0.4548611111111111
3 0.615625 0.625 0.08958333333333333 0.3194444444444444
3 0.6864583333333333 0.6197916666666666 0.075 0.3541666666666667
3 0.71875 0.5616319444444444 0.03958333333333333 0.19270833333333334
3 0.8114583333333333 0.6927083333333334 0.09583333333333334 0.4201388888888889
3 0.9046875 0.5998263888888888 0.059375 0.2065972222222222
5 0.15052083333333333 0.6102430555555556 0.29270833333333335 0.265625
6 0.5005208333333333 0.2751736111111111 1.0 0.5399305555555556
6 0.91875 0.5668402777777778 0.16458333333333333 0.2170138888888889
8 0.503125 0.9001736111111112 0.9958333333333333 0.203125
8 0.6927083333333334 0.7204861111111112 0.6041666666666666 0.13194444444444445
8 0.4609375 0.5911458333333334 0.078125 0.109375
