0 0.32916666666666666 0.5894097222222222 0.16458333333333333 0.2309027777777778
0 0.684375 0.5668402777777778 0.15833333333333333 0.15104166666666666
3 0.50625 0.5390625 0.05416666666666667 0.08506944444444445
3 0.7947916666666667 0.6128472222222222 0.04583333333333333 0.1527777777777778
3 0.43072916666666666 0.5173611111111112 0.06145833333333333 0.0625
4 0.0578125 0.3506944444444444 0.10520833333333333 0.23958333333333334
5 0.15520833333333334 0.609375 0.3 0.23958333333333334
5 0.8572916666666667 0.6180555555555556 0.07916666666666666 0.06944444444444445
5 0.5770833333333333 0.5529513888888888 0.041666666666666664 0.07118055555555555
6 0.13645833333333332 0.2534722222222222 0.15625 0.4756944444444444
6 0.8239583333333333 0.2526041666666667 0.3541666666666667 0.4947916666666667
6 0.8666666666666667 0.5546875 0.04583333333333333 0.16493055555555555
6 0.91875 0.5677083333333334 0.03958333333333333 0.1875
6 0.975 0.5729166666666666 0.052083333333333336 0.21180555555555555
6 0.575 0.3723958333333333 0.17083333333333334 0.3524305555555556
6 0.3515625 0.2612847222222222 0.259375 0.4565972222222222
8 0.5026041666666666 0.9036458333333334 0.996875 0.19618055555555555
8 0.5125 0.7829861111111112 0.17916666666666667 0.4375
8 0.80625 0.8229166666666666 0.38958333333333334 0.3263888888888889
