0 0.3359375 0.5954861111111112 0.159375 0.2361111111111111
0 0.6869791666666667 0.5772569444444444 0.153125 0.16493055555555555
0 0.4557291666666667 0.5407986111111112 0.057291666666666664 0.07465277777777778
3 0.4015625 0.5217013888888888 0.017708333333333333 0.043402777777777776
3 0.6036458333333333 0.5659722222222222 0.023958333333333335 0.059027777777777776
3 0.7890625 0.6137152777777778 0.036458333333333336 0.1267361111111111
4 0.05625 0.3645833333333333 0.10833333333333334 0.25
5 0.14947916666666666 0.6397569444444444 0.2947916666666667 0.2309027777777778
5 0.85 0.6215277777777778 0.052083333333333336 0.05555555555555555
5 0.5453125 0.5555555555555556 0.10729166666666666 0.059027777777777776
6 0.14427083333333332 0.2612847222222222 0.18645833333333334 0.5052083333333334
6 0.5802083333333333 0.3151041666666667 0.19375 0.3246527777777778
6 0.8197916666666667 0.2630208333333333 0.34375 0.5086805555555556
6 0.8640625 0.5503472222222222 0.040625 0.1701388888888889
6 0.9145833333333333 0.5616319444444444 0.041666666666666664 0.1753472222222222
6 0.9739583333333334 0.5668402777777778 0.05416666666666667 0.1857638888888889
6 0.36041666666666666 0.2621527777777778 0.22291666666666668 0.3854166666666667
8 0.503125 0.9131944444444444 0.9958333333333333 0.17708333333333334
8 0.5229166666666667 0.7760416666666666 0.19583333333333333 0.3645833333333333
8 0.7958333333333333 0.8385416666666666 0.32916666666666666 0.3263888888888889
