4 0.15364583333333334 0.4557291666666667 0.30520833333333336 0.9045138888888888
4 0.9037560416666667 0.3472222222222222 0.19375 0.3055555555555556
5 0.22864583333333333 0.7760416666666666 0.24270833333333333 0.4513888888888889
5 0.856751875 0.6816833333333334 0.22916666666666666 0.19444444444444445
5 0.5846677604166666 0.5515574652777777 0.2767411458333333 0.109375
3 0.38918416666666666 0.5430986111111111 0.08210916666666666 0.08272499999999999
3 0.65395375 0.6301956597222222 0.11458333333333333 0.28125
3 0.5672216666666666 0.5757045138888889 0.06666666666666667 0.15625
1 0.6569077083333333 0.7077503472222222 0.24895833333333334 0.19791666666666666
8 0.49947916666666664 0.7699652777777778 0.3572916666666667 0.4635416666666667
8 0.8447916666666667 0.8541666666666666 0.3125 0.2951388888888889
6 0.6520833333333333 0.28336631944444446 0.6916666666666667 0.5632604166666666
9 0.06875 0.4288194444444444 0.075 0.2673611111111111
