0 0.3338541666666667 0.5902777777777778 0.146875 0.21180555555555555
0 0.6505208333333333 0.5642361111111112 0.084375 0.14583333333333334
3 0.4515625 0.5460069444444444 0.06770833333333333 0.1232638888888889
3 0.7255208333333333 0.6328125 0.07395833333333333 0.3559027777777778
3 0.9729166666666667 0.6961805555555556 0.05625 0.6111111111111112
3 0.7927083333333333 0.6215277777777778 0.03958333333333333 0.15625
5 0.14427083333333332 0.6119791666666666 0.27395833333333336 0.22395833333333334
5 0.5364583333333334 0.5460069444444444 0.07916666666666666 0.050347222222222224
6 0.11197916666666667 0.24913194444444445 0.215625 0.4809027777777778
6 0.8177083333333334 0.2326388888888889 0.32916666666666666 0.4583333333333333
6 0.86875 0.5503472222222222 0.04583333333333333 0.2152777777777778
6 0.91875 0.546875 0.0375 0.2048611111111111
6 0.959375 0.4887152777777778 0.029166666666666667 0.0642361111111111
6 0.5609375 0.2543402777777778 0.14270833333333333 0.5052083333333334
6 0.3567708333333333 0.24305555555555555 0.2552083333333333 0.4548611111111111
8 0.5041666666666667 0.9036458333333334 0.99375 0.19618055555555555
8 0.5395833333333333 0.6961805555555556 0.2833333333333333 0.18055555555555555
8 0.8296875 0.7152777777777778 0.265625 0.13194444444444445
