0 0.34375 0.59375 0.15208333333333332 0.22916666666666666
0 0.7083333333333334 0.5729166666666666 0.10208333333333333 0.1527777777777778
1 0.4479166666666667 0.5338541666666666 0.016666666666666666 0.03993055555555555
3 0.4703125 0.5859375 0.053125 0.2065972222222222
3 0.6348958333333333 0.6180555555555556 0.07395833333333333 0.3159722222222222
3 0.7921875 0.6232638888888888 0.036458333333333336 0.16319444444444445
5 0.14479166666666668 0.6336805555555556 0.2875 0.2152777777777778
5 0.052083333333333336 0.4835069444444444 0.10208333333333333 0.10590277777777778
6 0.5015625 0.2569444444444444 0.9989583333333333 0.4930555555555556
6 0.8682291666666667 0.5503472222222222 0.036458333333333336 0.19444444444444445
6 0.9161458333333333 0.546875 0.059375 0.19444444444444445
6 0.978125 0.5625 0.04583333333333333 0.21875
8 0.5041666666666667 0.8984375 0.99375 0.2065972222222222
8 0.5109375 0.671875 0.165625 0.2326388888888889
8 0.7953125 0.7282986111111112 0.37604166666666666 0.11631944444444445
