2 0.4197916666666667 0.6145833333333334 0.06458333333333334 0.1388888888888889
4 0.15520833333333334 0.4244791666666667 0.30833333333333335 0.8315972222222222
4 0.890625 0.3671875 0.22083333333333333 0.3142361111111111
5 0.22760416666666666 0.78125 0.265625 0.4409722222222222
5 0.86875 0.7144097222222222 0.26458333333333334 0.19618055555555555
5 0.5296875 0.5911458333333334 0.128125 0.11631944444444445
3 0.3651041666666667 0.5347222222222222 0.042708333333333334 0.06944444444444445
3 0.42291666666666666 0.5772569444444444 0.052083333333333336 0.1857638888888889
3 0.6203125 0.6206597222222222 0.065625 0.296875
3 0.7119791666666667 0.6293402777777778 0.059375 0.2552083333333333
8 0.4583333333333333 0.78125 0.27708333333333335 0.4236111111111111
8 0.7989583333333333 0.8368055555555556 0.4041666666666667 0.3298611111111111
6 0.6604166666666667 0.2916666666666667 0.68125 0.5659722222222222
9 0.07135416666666666 0.4296875 0.07604166666666666 0.265625
