0 0.33125 0.5928819444444444 0.14166666666666666 0.21354166666666666
0 0.6848958333333334 0.5755208333333334 0.146875 0.1371527777777778
3 0.07239583333333334 0.5798611111111112 0.14479166666666668 0.84375
3 0.44479166666666664 0.6640625 0.10833333333333334 0.5260416666666666
3 0.515625 0.5399305555555556 0.025 0.09722222222222222
3 0.7880208333333333 0.6258680555555556 0.04479166666666667 0.15104166666666666
5 0.21875 0.6388888888888888 0.1625 0.2048611111111111
6 0.11197916666666667 0.0842013888888889 0.215625 0.1440972222222222
6 0.25625 0.3263888888888889 0.31875 0.3020833333333333
6 0.6130208333333333 0.09635416666666667 0.753125 0.1753472222222222
6 0.7135416666666666 0.3038194444444444 0.575 0.21180555555555555
6 0.5489583333333333 0.4869791666666667 0.125 0.13368055555555555
6 0.6953125 0.4696180555555556 0.140625 0.08854166666666667
6 0.8875 0.5225694444444444 0.22708333333333333 0.2048611111111111
8 0.5802083333333333 0.8897569444444444 0.8416666666666667 0.22395833333333334
8 0.5640625 0.6892361111111112 0.096875 0.16666666666666666
8 0.8104166666666667 0.7326388888888888 0.38125 0.14583333333333334
