4 0.15520833333333334 0.4479166666666667 0.30833333333333335 0.8854166666666666
4 0.8914385416666666 0.3714074652777778 0.21875 0.3038194444444444
5 0.2265625 0.7795138888888888 0.2552083333333333 0.4444444444444444
5 0.6029007291666666 0.5998517361111111 0.234375 0.14756944444444445
5 0.84038546875 0.6779513888888888 0.20160427083333332 0.1684027777777778
3 0.3718065625 0.5352354166666666 0.07291666666666667 0.08159722222222222
3 0.9642639583333333 0.7180276909722222 0.07243 0.3839213541666667
3 0.45115947916666665 0.5552640624999999 0.07395833333333333 0.14598541666666665
1 0.8748061458333333 0.8665602430555555 0.24679895833333332 0.2673611111111111
8 0.4672939583333333 0.7874024305555555 0.328125 0.4253472222222222
8 0.7438830208333334 0.8514230902777777 0.23020833333333332 0.3003472222222222
6 0.6604166666666667 0.2916666666666667 0.68125 0.5729166666666666
9 0.06510416666666667 0.4357638888888889 0.06770833333333333 0.2673611111111111
