0 0.3338541666666667 0.5998263888888888 0.16354166666666667 0.24131944444444445
0 0.6828125 0.5789930555555556 0.146875 0.16493055555555555
3 0.5052083333333334 0.5529513888888888 0.13541666666666666 0.0920138888888889
5 0.146875 0.625 0.28958333333333336 0.2708333333333333
5 0.7958333333333333 0.6085069444444444 0.12083333333333333 0.057291666666666664
5 0.044270833333333336 0.4496527777777778 0.08854166666666667 0.06944444444444445
6 0.5005208333333333 0.2526041666666667 1.0 0.5017361111111112
6 0.925 0.5373263888888888 0.15208333333333332 0.2170138888888889
8 0.5010416666666667 0.8940972222222222 1.0 0.2152777777777778
8 0.6739583333333333 0.7256944444444444 0.6479166666666667 0.10069444444444445
8 0.5078125 0.6180555555555556 0.18645833333333334 0.08333333333333333
