0 0.5895833333333333 0.546875 0.05 0.06944444444444445
1 0.6244791666666667 0.8003472222222222 0.16354166666666667 0.4027777777777778
3 0.2640625 0.6223958333333334 0.09895833333333333 0.3420138888888889
3 0.4973958333333333 0.5703125 0.053125 0.18229166666666666
4 0.3885416666666667 0.4105902777777778 0.4895833333333333 0.3420138888888889
4 0.7583333333333333 0.1597222222222222 0.12291666666666666 0.2465277777777778
5 0.36666666666666664 0.5850694444444444 0.08333333333333333 0.05555555555555555
5 0.5338541666666666 0.5529513888888888 0.03854166666666667 0.03993055555555555
5 0.45677083333333335 0.4904513888888889 0.05520833333333333 0.1684027777777778
5 0.8395833333333333 0.6440972222222222 0.3229166666666667 0.2152777777777778
5 0.8916666666666667 0.8828125 0.21041666666666667 0.2378472222222222
6 0.11927083333333334 0.2873263888888889 0.23645833333333333 0.5642361111111112
6 0.4734375 0.2013888888888889 0.45729166666666665 0.3854166666666667
6 0.7046875 0.4366319444444444 0.20729166666666668 0.3038194444444444
6 0.9041666666666667 0.2682291666666667 0.19375 0.5190972222222222
7 0.5776041666666667 0.4166666666666667 0.06354166666666666 0.027777777777777776
8 0.3958333333333333 0.8602430555555556 0.78125 0.2829861111111111
8 0.5130208333333334 0.6501736111111112 0.31979166666666664 0.1267361111111111
8 0.35104166666666664 0.5078125 0.058333333333333334 0.07465277777777778
