4 0.15677083333333333 0.4487847222222222 0.31145833333333334 0.8732638888888888
4 0.890625 0.3836805555555556 0.21458333333333332 0.2465277777777778
5 0.22135416666666666 0.7907986111111112 0.2635416666666667 0.421875
5 0.6302083333333334 0.6171875 0.18958333333333333 0.11979166666666667
5 0.8703125 0.7152777777777778 0.26145833333333335 0.18055555555555555
5 0.4348958333333333 0.5668402777777778 0.051041666666666666 0.036458333333333336
3 0.36875760416666664 0.5380233506944445 0.022916666666666665 0.0628421875
3 0.403125 0.5355902777777778 0.041666666666666664 0.078125
3 0.47760416666666666 0.5642361111111112 0.036458333333333336 0.1284722222222222
3 0.5161458333333333 0.5703125 0.03854166666666667 0.1267361111111111
8 0.6520833333333333 0.8619791666666666 0.6916666666666667 0.2725694444444444
8 0.4822916666666667 0.6475694444444444 0.325 0.16666666666666666
6 0.6558280208333334 0.2795138888888889 0.6904272916666667 0.5555555555555556
9 0.06927083333333334 0.4427083333333333 0.071875 0.2847222222222222
