0 0.3375 0.5998263888888888 0.15416666666666667 0.24131944444444445
0 0.6828125 0.5789930555555556 0.14270833333333333 0.16493055555555555
1 0.58125 0.6953125 0.07083333333333333 0.171875
3 0.4708333333333333 0.6145833333333334 0.06458333333333334 0.2465277777777778
3 0.5885416666666666 0.5633680555555556 0.075 0.1579861111111111
3 0.7848958333333333 0.6727430555555556 0.096875 0.4184027777777778
3 0.8828125 0.6901041666666666 0.15520833333333334 0.6232638888888888
3 0.409375 0.5243055555555556 0.04791666666666667 0.04861111111111111
5 0.14791666666666667 0.6189236111111112 0.2875 0.2482638888888889
5 0.5286458333333334 0.5616319444444444 0.028125 0.046875
6 0.49947916666666664 0.2604166666666667 1.0 0.5104166666666666
8 0.503125 0.8732638888888888 0.9958333333333333 0.2569444444444444
8 0.5838541666666667 0.6493055555555556 0.3385416666666667 0.17708333333333334
