0 0.3359375 0.5920138888888888 0.16354166666666667 0.24305555555555555
0 0.7284490625 0.6548418402777778 0.388148125 0.2864583333333333
3 0.4713541666666667 0.5512152777777778 0.040625 0.09895833333333333
3 0.8401041666666667 0.6875 0.146875 0.5208333333333334
4 0.059375 0.3645833333333333 0.11458333333333333 0.2986111111111111
5 0.15208333333333332 0.6336805555555556 0.28958333333333336 0.18055555555555555
6 0.14895833333333333 0.2717013888888889 0.19583333333333333 0.5329861111111112
6 0.5708333333333333 0.3333333333333333 0.21458333333333332 0.3993055555555556
6 0.8234375 0.2586805555555556 0.3489583333333333 0.4861111111111111
6 0.3572916666666667 0.2916666666666667 0.20208333333333334 0.4305555555555556
6 0.9432291666666667 0.5894097222222222 0.115625 0.2309027777777778
8 0.5010416666666667 0.9071180555555556 1.0 0.1892361111111111
8 0.47420140624999996 0.6779513888888888 0.1640971875 0.22395833333333334
