4 0.2984375 0.4288194444444444 0.32395833333333335 0.21875
4 0.5848958333333333 0.4262152777777778 0.15104166666666666 0.2204861111111111
4 0.75625 0.1779513888888889 0.10208333333333333 0.16493055555555555
5 0.8380208333333333 0.7447916666666666 0.3260416666666667 0.5104166666666666
5 0.22734947916666665 0.5423510416666667 0.3416666666666667 0.10069444444444445
5 0.4936740104166667 0.5295138888888888 0.13854927083333332 0.09027777777777778
0 0.5880208333333333 0.5277777777777778 0.06145833333333333 0.09027777777777778
3 0.49374239583333335 0.5340125 0.03357666666666667 0.09375
3 0.5276041666666667 0.5295138888888888 0.036458333333333336 0.06944444444444445
1 0.61875 0.7734375 0.16875 0.4565972222222222
1 0.49684843749999996 0.577161892361111 0.042708333333333334 0.0681265625
8 0.40677083333333336 0.8611111111111112 0.8114583333333333 0.28125
8 0.5098958333333333 0.6423611111111112 0.284375 0.16319444444444445
7 0.58125 0.4131944444444444 0.08958333333333333 0.052083333333333336
6 0.5010416666666667 0.2847222222222222 1.0 0.5590277777777778
9 0.3416666666666667 0.5 0.07708333333333334 0.0798611111111111
9 0.7328125 0.19010416666666666 0.036458333333333336 0.08854166666666667
