4 0.15520833333333334 0.4479166666666667 0.30833333333333335 0.8854166666666666
4 0.9005208333333333 0.3671875 0.20104166666666667 0.3142361111111111
5 0.2265625 0.7795138888888888 0.2552083333333333 0.4444444444444444
5 0.8676398958333333 0.6924675347222222 0.26458333333333334 0.17708333333333334
5 0.6033188541666666 0.6067708333333334 0.23229166666666667 0.109375
3 0.3715670833333334 0.5418376736111111 0.05520833333333333 0.08506944444444445
3 0.43635567708333334 0.5817809027777777 0.06478864583333334 0.140625
1 0.3989354687500001 0.5735123263888888 0.027904479166666666 0.06569340277777777
8 0.4875 0.7874024305555555 0.33541666666666664 0.4253472222222222
8 0.8234375 0.8602430555555556 0.35520833333333335 0.2829861111111111
6 0.6604166666666667 0.2916666666666667 0.68125 0.5729166666666666
9 0.06510416666666667 0.4357638888888889 0.06770833333333333 0.2673611111111111
