4 0.2890625 0.4435763888888889 0.28020833333333334 0.22395833333333334
4 0.540625 0.4184027777777778 0.21458333333333332 0.22916666666666666
4 0.7552083333333334 0.1640625 0.07708333333333334 0.22395833333333334
5 0.184375 0.5355902777777778 0.2520833333333333 0.11284722222222222
5 0.34479166666666666 0.578125 0.07708333333333334 0.06597222222222222
5 0.853125 0.7760416666666666 0.29583333333333334 0.4513888888888889
5 0.9067708333333333 0.4461805555555556 0.18854166666666666 0.22916666666666666
0 0.6020833333333333 0.5364583333333334 0.05416666666666667 0.0798611111111111
3 0.4056455208333334 0.6124607638888888 0.06378500000000001 0.3040982638888889
3 0.46180427083333336 0.5577225694444444 0.08020833333333334 0.22865972222222222
3 0.5034709374999999 0.6136772569444444 0.07639145833333334 0.2967989583333333
3 0.5538358854166667 0.5879460069444444 0.047696145833333335 0.19740972222222222
1 0.6088541666666667 0.7734375 0.18229166666666666 0.4357638888888889
8 0.37135416666666665 0.7890625 0.734375 0.4253472222222222
7 0.5822916666666667 0.4175347222222222 0.08125 0.046875
6 0.5026041666666666 0.2916666666666667 0.996875 0.5763888888888888
9 0.35 0.5 0.07083333333333333 0.09027777777777778
9 0.7338541666666667 0.2013888888888889 0.03229166666666667 0.11458333333333333
