0 0.32760416666666664 0.5963541666666666 0.16770833333333332 0.24479166666666666
0 0.5364583333333334 0.5720486111111112 0.1375 0.1440972222222222
0 0.6869791666666667 0.5729166666666666 0.14895833333333333 0.16319444444444445
3 0.45729166666666665 0.546875 0.027083333333333334 0.10069444444444445
3 0.7890625 0.6276041666666666 0.03854166666666667 0.1371527777777778
4 0.058854166666666666 0.3376736111111111 0.11354166666666667 0.234375
5 0.14479166666666668 0.625 0.28958333333333336 0.2569444444444444
6 0.146875 0.2517361111111111 0.2 0.4791666666666667
6 0.5635416666666667 0.3359375 0.2 0.3802083333333333
6 0.8234375 0.2847222222222222 0.35520833333333335 0.5520833333333334
6 0.365625 0.3081597222222222 0.18333333333333332 0.3420138888888889
8 0.7104166666666667 0.8125 0.58125 0.3784722222222222
8 0.2171875 0.9131944444444444 0.42604166666666665 0.17708333333333334
