2 0.37864583333333335 0.5685763888888888 0.042708333333333334 0.07118055555555555
4 0.1578125 0.4375 0.31354166666666666 0.8645833333333334
4 0.8859375 0.3671875 0.23020833333333332 0.3211805555555556
5 0.22083333333333333 0.7725694444444444 0.25833333333333336 0.4583333333333333
5 0.8697916666666666 0.7100694444444444 0.2625 0.19791666666666666
5 0.5369791666666667 0.5989583333333334 0.06145833333333333 0.09375
3 0.44479166666666664 0.5434027777777778 0.05 0.1076388888888889
3 0.37552083333333336 0.5321180555555556 0.065625 0.0954861111111111
3 0.596875 0.5998263888888888 0.07291666666666667 0.24131944444444445
3 0.49166666666666664 0.5824652777777778 0.05 0.1892361111111111
3 0.6828125 0.6197916666666666 0.059375 0.23958333333333334
8 0.47239583333333335 0.7647569444444444 0.303125 0.4739583333333333
8 0.8088541666666667 0.8315972222222222 0.384375 0.3402777777777778
6 0.6489583333333333 0.2708333333333333 0.7041666666666667 0.5381944444444444
9 0.0703125 0.4296875 0.078125 0.2760416666666667
