0 0.33541666666666664 0.59375 0.15416666666666667 0.23958333333333334
0 0.4515625 0.5407986111111112 0.05520833333333333 0.05381944444444445
0 0.6854166666666667 0.5789930555555556 0.15625 0.16493055555555555
3 0.6015625 0.5625 0.023958333333333335 0.0625
3 0.7854166666666667 0.6128472222222222 0.05416666666666667 0.1388888888888889
4 0.0578125 0.3376736111111111 0.10520833333333333 0.24479166666666666
5 0.15364583333333334 0.6163194444444444 0.296875 0.25
5 0.5395833333333333 0.5538194444444444 0.09791666666666667 0.059027777777777776
5 0.840625 0.6059027777777778 0.05 0.04861111111111111
6 0.14427083333333332 0.2578125 0.178125 0.4982638888888889
6 0.5770833333333333 0.3237847222222222 0.20625 0.3072916666666667
6 0.8260416666666667 0.2586805555555556 0.35 0.5
6 0.8682291666666667 0.5416666666666666 0.04479166666666667 0.1875
6 0.9171875 0.5685763888888888 0.03854166666666667 0.203125
6 0.9760416666666667 0.5677083333333334 0.04583333333333333 0.1875
6 0.3546875 0.2717013888888889 0.21354166666666666 0.390625
8 0.5041666666666667 0.9010416666666666 0.99375 0.2013888888888889
8 0.5255208333333333 0.7873263888888888 0.20520833333333333 0.4114583333333333
8 0.778125 0.8194444444444444 0.26875 0.2847222222222222
