0 0.33125 0.5928819444444444 0.16458333333333333 0.24131944444444445
0 0.6885416666666667 0.5789930555555556 0.14583333333333334 0.16493055555555555
0 0.44947916666666665 0.5399305555555556 0.053125 0.06597222222222222
3 0.603125 0.5677083333333334 0.020833333333333332 0.0763888888888889
3 0.7869791666666667 0.6197916666666666 0.046875 0.1388888888888889
4 0.05416666666666667 0.3611111111111111 0.10833333333333334 0.3125
5 0.15052083333333333 0.6302083333333334 0.2989583333333333 0.2013888888888889
5 0.8385416666666666 0.6111111111111112 0.035416666666666666 0.034722222222222224
5 0.5390625 0.5503472222222222 0.09895833333333333 0.06597222222222222
6 0.13385416666666666 0.2638888888888889 0.178125 0.5069444444444444
6 0.5796875 0.3203125 0.20729166666666668 0.328125
6 0.81875 0.2526041666666667 0.3416666666666667 0.484375
6 0.3572916666666667 0.2708333333333333 0.23958333333333334 0.3888888888888889
6 0.8708333333333333 0.5659722222222222 0.04583333333333333 0.19791666666666666
6 0.9234375 0.5677083333333334 0.03854166666666667 0.1875
6 0.9786458333333333 0.5842013888888888 0.04479166666666667 0.24479166666666666
8 0.5020833333333333 0.8897569444444444 0.9979166666666667 0.22395833333333334
8 0.5239583333333333 0.7960069444444444 0.19791666666666666 0.4045138888888889
8 0.7864583333333334 0.8402777777777778 0.29791666666666666 0.3159722222222222
