0 0.33697916666666666 0.5998263888888888 0.14895833333333333 0.2309027777777778
0 0.684375 0.5772569444444444 0.15416666666666667 0.16493055555555555
1 0.5833333333333334 0.6206597222222222 0.052083333333333336 0.0920138888888889
3 0.4546875 0.5859375 0.06145833333333333 0.19618055555555555
3 0.8598958333333333 0.6588541666666666 0.08645833333333333 0.390625
3 0.940625 0.6840277777777778 0.07083333333333333 0.3784722222222222
3 0.9682291666666667 0.7274305555555556 0.059375 0.5486111111111112
5 0.14583333333333334 0.6076388888888888 0.2916666666666667 0.2569444444444444
5 0.7802083333333333 0.6137152777777778 0.10208333333333333 0.057291666666666664
5 0.5197916666666667 0.5538194444444444 0.06041666666666667 0.05555555555555555
6 0.5005208333333333 0.2951388888888889 1.0 0.5798611111111112
8 0.503125 0.8967013888888888 0.9958333333333333 0.21006944444444445
8 0.609375 0.6762152777777778 0.4041666666666667 0.2065972222222222
