0 0.3390625 0.5980902777777778 0.153125 0.2170138888888889
0 0.6880208333333333 0.578125 0.153125 0.1527777777777778
3 0.4395833333333333 0.5460069444444444 0.04375 0.078125
3 0.7927083333333333 0.6293402777777778 0.06041666666666667 0.16145833333333334
5 0.15677083333333333 0.625 0.30104166666666665 0.25
5 0.5354166666666667 0.5607638888888888 0.10625 0.052083333333333336
5 0.7510416666666667 0.6180555555555556 0.027083333333333334 0.06944444444444445
5 0.8385416666666666 0.6284722222222222 0.027083333333333334 0.0625
6 0.5015625 0.2612847222222222 0.9989583333333333 0.5190972222222222
6 0.9239583333333333 0.5425347222222222 0.15416666666666667 0.19270833333333334
8 0.5036458333333333 0.8993055555555556 0.9947916666666666 0.2048611111111111
8 0.5072916666666667 0.6744791666666666 0.19583333333333333 0.2204861111111111
8 0.8072916666666666 0.734375 0.3875 0.13194444444444445
