0 0.3645833333333333 0.5954861111111112 0.12291666666666666 0.21875
0 0.6817708333333333 0.5763888888888888 0.103125 0.16319444444444445
3 0.2296875 0.6579861111111112 0.209375 0.6666666666666666
3 0.4796875 0.5633680555555556 0.053125 0.14756944444444445
3 0.6151041666666667 0.6006944444444444 0.05520833333333333 0.2465277777777778
3 0.7739583333333333 0.6493055555555556 0.07291666666666667 0.375
3 0.8911458333333333 0.6449652777777778 0.065625 0.3767361111111111
5 0.059375 0.5824652777777778 0.11666666666666667 0.3038194444444444
5 0.5463541666666667 0.5633680555555556 0.071875 0.043402777777777776
6 0.10274307291666666 0.23350694444444445 0.20548614583333333 0.4565972222222222
6 0.9833333333333333 0.5546875 0.035416666666666666 0.22395833333333334
6 0.9286458333333333 0.5208333333333334 0.03229166666666667 0.12152777777777778
6 0.815625 0.24739583333333334 0.37083333333333335 0.4704861111111111
6 0.4197916666666667 0.1736111111111111 0.41041666666666665 0.3263888888888889
6 0.44479166666666664 0.4262152777777778 0.3125 0.15104166666666666
8 0.5010416666666667 0.9071180555555556 1.0 0.1892361111111111
8 0.5583333333333333 0.6996527777777778 0.32916666666666666 0.17708333333333334
8 0.8989583333333333 0.7439236111111112 0.20416666666666666 0.11979166666666667
