4 0.2911458333333333 0.4696180555555556 0.26979166666666665 0.2378472222222222
4 0.5411458333333333 0.4444444444444444 0.165625 0.2152777777777778
4 0.7447916666666666 0.16666666666666666 0.08541666666666667 0.22569444444444445
5 0.25797598958333334 0.5309331597222222 0.11094885416666668 0.07299270833333332
5 0.7166666666666667 0.6102430555555556 0.19583333333333333 0.3628472222222222
5 0.8901041666666667 0.7751736111111112 0.221875 0.453125
5 0.0546875 0.5355902777777778 0.10520833333333333 0.0920138888888889
5 0.3734375 0.5824652777777778 0.06979166666666667 0.078125
0 0.5953125 0.5477430555555556 0.06145833333333333 0.08854166666666667
3 0.454185625 0.56439453125 0.03385791666666667 0.14964774305555556
3 0.12366942708333334 0.6763546874999999 0.24525552083333332 0.6507628472222222
3 0.32571854166666664 0.5883072048611111 0.07765354166666666 0.2502154513888889
3 0.48072916666666665 0.5338541666666666 0.028125 0.08506944444444445
1 0.6171875 0.7630208333333334 0.19270833333333334 0.4774305555555556
8 0.38645833333333335 0.8272569444444444 0.7645833333333333 0.3489583333333333
8 0.54375 0.5980902777777778 0.23333333333333334 0.09895833333333333
7 0.5776041666666667 0.4131944444444444 0.078125 0.04513888888888889
6 0.5010416666666667 0.2847222222222222 1.0 0.5659722222222222
9 0.3494791666666667 0.4930555555555556 0.06979166666666667 0.09027777777777778
9 0.7333333333333333 0.2013888888888889 0.04583333333333333 0.11458333333333333
