0 0.33958333333333335 0.5980902777777778 0.14375 0.22743055555555555
0 0.6869791666666667 0.5772569444444444 0.15520833333333334 0.15104166666666666
1 0.4546875 0.5720486111111112 0.021875 0.029513888888888888
2 0.5177083333333333 0.5625 0.04375 0.07291666666666667
3 0.4401041666666667 0.5364583333333334 0.08020833333333334 0.06597222222222222
3 0.5171875 0.5373263888888888 0.030208333333333334 0.07465277777777778
3 0.903125 0.6015625 0.058333333333333334 0.203125
5 0.1484375 0.5928819444444444 0.29270833333333335 0.2760416666666667
5 0.7942708333333334 0.6067708333333334 0.11770833333333333 0.06770833333333333
5 0.5697916666666667 0.5477430555555556 0.05625 0.057291666666666664
6 0.5005208333333333 0.2907986111111111 1.0 0.5711805555555556
6 0.9213541666666667 0.5685763888888888 0.159375 0.17881944444444445
8 0.5015625 0.890625 0.9989583333333333 0.2222222222222222
8 0.6817708333333333 0.7109375 0.6364583333333333 0.10590277777777778
8 0.5130208333333334 0.59375 0.178125 0.1111111111111111
