0 0.3380208333333333 0.5920138888888888 0.146875 0.2152777777777778
0 0.6875 0.5659722222222222 0.15833333333333333 0.1388888888888889
3 0.4473958333333333 0.5425347222222222 0.034375 0.0954861111111111
3 0.5140625 0.5486111111111112 0.042708333333333334 0.09375
3 0.7911458333333333 0.6171875 0.042708333333333334 0.15104166666666666
5 0.14583333333333334 0.6302083333333334 0.2875 0.2013888888888889
5 0.0640625 0.4817708333333333 0.11979166666666667 0.08506944444444445
5 0.7578125 0.6067708333333334 0.04479166666666667 0.050347222222222224
5 0.5651041666666666 0.5564236111111112 0.059375 0.050347222222222224
6 0.5010416666666667 0.2543402777777778 1.0 0.4982638888888889
6 0.8713541666666667 0.5625 0.040625 0.2048611111111111
6 0.9197916666666667 0.5633680555555556 0.04791666666666667 0.18229166666666666
6 0.9770833333333333 0.5694444444444444 0.04791666666666667 0.2048611111111111
8 0.5041666666666667 0.9045138888888888 0.99375 0.19444444444444445
8 0.5223958333333333 0.7960069444444444 0.19895833333333332 0.4114583333333333
8 0.8125 0.7291666666666666 0.36875 0.1423611111111111
