0 0.3385416666666667 0.5902777777777778 0.15 0.21875
0 0.684375 0.5737847222222222 0.15625 0.1684027777777778
3 0.5354166666666667 0.5633680555555556 0.041666666666666664 0.1684027777777778
3 0.5817708333333333 0.5668402777777778 0.040625 0.1753472222222222
3 0.440625 0.5355902777777778 0.06666666666666667 0.057291666666666664
5 0.14791666666666667 0.6232638888888888 0.28541666666666665 0.22569444444444445
5 0.7927083333333333 0.6059027777777778 0.12291666666666666 0.052083333333333336
6 0.5015625 0.2621527777777778 0.9989583333333333 0.4965277777777778
6 0.9171875 0.5399305555555556 0.165625 0.21180555555555555
8 0.5015625 0.8940972222222222 0.9989583333333333 0.2152777777777778
8 0.5135416666666667 0.7005208333333334 0.225 0.1579861111111111
8 0.45625 0.5815972222222222 0.10208333333333333 0.052083333333333336
8 0.8166666666666667 0.7274305555555556 0.36875 0.1111111111111111
