0 0.3333333333333333 0.5902777777777778 0.13541666666666666 0.2048611111111111
0 0.678125 0.5772569444444444 0.14375 0.1579861111111111
3 0.43645833333333334 0.5277777777777778 0.04791666666666667 0.03819444444444445
3 0.7953125 0.6449652777777778 0.07604166666666666 0.3836805555555556
3 0.9161458333333333 0.6362847222222222 0.07395833333333333 0.3315972222222222
4 0.0546875 0.3394097222222222 0.10729166666666666 0.21354166666666666
5 0.14739583333333334 0.6171875 0.29270833333333335 0.2482638888888889
5 0.5515625 0.5598958333333334 0.06354166666666666 0.03993055555555555
5 0.8375 0.609375 0.03333333333333333 0.06944444444444445
5 0.9526041666666667 0.6336805555555556 0.042708333333333334 0.06944444444444445
6 0.5010416666666667 0.2517361111111111 1.0 0.4826388888888889
6 0.8677083333333333 0.5711805555555556 0.0375 0.2013888888888889
6 0.971875 0.5616319444444444 0.04583333333333333 0.21006944444444445
8 0.5010416666666667 0.890625 1.0 0.2222222222222222
8 0.6671875 0.7309027777777778 0.6489583333333333 0.06944444444444445
8 0.5229166666666667 0.625 0.20208333333333334 0.1111111111111111
