0 0.34322916666666664 0.5894097222222222 0.14479166666666668 0.22395833333333334
0 0.6979166666666666 0.5772569444444444 0.09375 0.1545138888888889
3 0.18385416666666668 0.6354166666666666 0.18229166666666666 0.6805555555555556
3 0.43020833333333336 0.5277777777777778 0.03125 0.027777777777777776
3 0.4765625 0.5494791666666666 0.036458333333333336 0.15104166666666666
3 0.6338541666666667 0.6032986111111112 0.059375 0.2621527777777778
3 0.7927083333333333 0.6571180555555556 0.08125 0.4010416666666667
3 0.9208333333333333 0.6553819444444444 0.07708333333333334 0.421875
5 0.052083333333333336 0.5868055555555556 0.09375 0.2986111111111111
6 0.9838541666666667 0.5295138888888888 0.034375 0.2222222222222222
6 0.11041666666666666 0.1449652777777778 0.21875 0.265625
6 0.48385416666666664 0.23697916666666666 0.5072916666666667 0.4565972222222222
6 0.8270833333333333 0.2378472222222222 0.34791666666666665 0.4201388888888889
6 0.5354166666666667 0.53125 0.10833333333333334 0.08333333333333333
8 0.5213541666666667 0.7847222222222222 0.18229166666666666 0.4270833333333333
8 0.6567708333333333 0.8619791666666666 0.6885416666666667 0.2795138888888889
