0 0.33645833333333336 0.5928819444444444 0.15625 0.2204861111111111
0 0.6875 0.5833333333333334 0.16041666666666668 0.16666666666666666
1 0.4348958333333333 0.5442708333333334 0.021875 0.026041666666666668
2 0.5447916666666667 0.5928819444444444 0.04583333333333333 0.08854166666666667
3 0.5401041666666667 0.5182291666666666 0.046875 0.08506944444444445
3 0.9072916666666667 0.5963541666666666 0.04375 0.1892361111111111
5 0.14791666666666667 0.5972222222222222 0.29583333333333334 0.2673611111111111
5 0.7947916666666667 0.6137152777777778 0.12083333333333333 0.0642361111111111
6 0.5005208333333333 0.2786458333333333 1.0 0.5399305555555556
6 0.9244791666666666 0.5451388888888888 0.153125 0.2326388888888889
8 0.5026041666666666 0.8854166666666666 0.996875 0.2326388888888889
8 0.690625 0.7092013888888888 0.6145833333333334 0.1267361111111111
8 0.5015625 0.5850694444444444 0.15729166666666666 0.09722222222222222
