2 0.3927083333333333 0.5928819444444444 0.04375 0.11979166666666667
4 0.16041666666666668 0.4279513888888889 0.31875 0.8524305555555556
5 0.22291666666666668 0.7855902777777778 0.2604166666666667 0.4322916666666667
5 0.8734375 0.6909722222222222 0.2552083333333333 0.18055555555555555
5 0.6744791666666666 0.6423611111111112 0.04479166666666667 0.08333333333333333
5 0.5463541666666667 0.5894097222222222 0.08854166666666667 0.0920138888888889
5 0.4546875 0.5651041666666666 0.06979166666666667 0.029513888888888888
3 0.3645833333333333 0.5286458333333334 0.027083333333333334 0.06770833333333333
3 0.40260416666666665 0.5451388888888888 0.03854166666666667 0.1076388888888889
3 0.6260416666666667 0.6171875 0.07916666666666666 0.3038194444444444
3 0.7140625 0.6267361111111112 0.059375 0.2604166666666667
8 0.4713541666666667 0.7638888888888888 0.28854166666666664 0.4618055555555556
8 0.8119791666666667 0.84375 0.378125 0.3125
6 0.6536458333333334 0.3012152777777778 0.6947916666666667 0.5607638888888888
9 0.0734375 0.4375 0.07395833333333333 0.25
