0 0.33958333333333335 0.5963541666666666 0.13958333333333334 0.22395833333333334
0 0.6864583333333333 0.5798611111111112 0.15833333333333333 0.15625
3 0.4395833333333333 0.5407986111111112 0.05625 0.08854166666666667
3 0.48854166666666665 0.5703125 0.027083333333333334 0.13368055555555555
3 0.9760416666666667 0.6276041666666666 0.05 0.2482638888888889
3 0.553125 0.5633680555555556 0.0375 0.1440972222222222
3 0.5229166666666667 0.5520833333333334 0.03958333333333333 0.1388888888888889
3 0.5927083333333333 0.5598958333333334 0.03333333333333333 0.1371527777777778
5 0.146875 0.6206597222222222 0.28541666666666665 0.2586805555555556
5 0.7932291666666667 0.6102430555555556 0.11770833333333333 0.06076388888888889
6 0.5015625 0.2543402777777778 0.9989583333333333 0.4913194444444444
6 0.9223958333333333 0.5590277777777778 0.15729166666666666 0.21180555555555555
8 0.5015625 0.8914930555555556 0.9989583333333333 0.2204861111111111
8 0.5447916666666667 0.7647569444444444 0.25 0.4565972222222222
8 0.8380208333333333 0.7230902777777778 0.3260416666666667 0.10243055555555555
