0 0.33958333333333335 0.5963541666666666 0.15208333333333332 0.22395833333333334
0 0.684375 0.5833333333333334 0.15833333333333333 0.16319444444444445
3 0.4625 0.5451388888888888 0.05 0.08680555555555555
3 0.5505208333333333 0.5564236111111112 0.07395833333333333 0.10590277777777778
5 0.14322916666666666 0.6137152777777778 0.284375 0.2517361111111111
5 0.7864583333333334 0.6076388888888888 0.11666666666666667 0.06944444444444445
6 0.5010416666666667 0.2482638888888889 1.0 0.4791666666666667
6 0.9244791666666666 0.53125 0.153125 0.2673611111111111
8 0.5015625 0.8940972222222222 0.9989583333333333 0.2152777777777778
8 0.690625 0.7265625 0.6083333333333333 0.0954861111111111
8 0.5078125 0.6163194444444444 0.178125 0.09722222222222222
