0 0.33229166666666665 0.5885416666666666 0.15833333333333333 0.2326388888888889
0 0.6833333333333333 0.5711805555555556 0.15208333333333332 0.16319444444444445
3 0.44114583333333335 0.5373263888888888 0.026041666666666668 0.06076388888888889
3 0.509375 0.5494791666666666 0.04791666666666667 0.08159722222222222
3 0.7895833333333333 0.6154513888888888 0.041666666666666664 0.1545138888888889
5 0.13072916666666667 0.5824652777777778 0.259375 0.328125
5 0.8536458333333333 0.6111111111111112 0.06145833333333333 0.059027777777777776
5 0.5729166666666666 0.5607638888888888 0.05 0.06944444444444445
6 0.1390625 0.2586805555555556 0.14270833333333333 0.4861111111111111
6 0.8328125 0.2552083333333333 0.33645833333333336 0.4895833333333333
6 0.8651041666666667 0.5598958333333334 0.03854166666666667 0.21006944444444445
6 0.9151041666666667 0.5477430555555556 0.051041666666666666 0.1545138888888889
6 0.9760416666666667 0.5564236111111112 0.05 0.1684027777777778
6 0.5671875 0.3550347222222222 0.15729166666666666 0.3628472222222222
6 0.35104166666666664 0.2560763888888889 0.26666666666666666 0.4079861111111111
8 0.5041666666666667 0.9010416666666666 0.99375 0.2013888888888889
8 0.5161458333333333 0.6857638888888888 0.18854166666666666 0.21875
8 0.8098958333333334 0.7621527777777778 0.38229166666666664 0.19444444444444445
