4 0.15677083333333333 0.4409722222222222 0.31145833333333334 0.8611111111111112
4 0.8953125 0.3767361111111111 0.21145833333333333 0.2847222222222222
5 0.23229166666666667 0.7873263888888888 0.23541666666666666 0.4288194444444444
5 0.6322916666666667 0.6102430555555556 0.17083333333333334 0.13020833333333334
5 0.8703125 0.6875 0.26145833333333335 0.2013888888888889
5 0.4401041666666667 0.5572916666666666 0.065625 0.04861111111111111
3 0.37447916666666664 0.5329861111111112 0.06979166666666667 0.08333333333333333
3 0.48333333333333334 0.5859375 0.04583333333333333 0.17881944444444445
3 0.5286458333333334 0.5868055555555556 0.04479166666666667 0.15625
3 0.8463541666666666 0.6961805555555556 0.10520833333333333 0.4027777777777778
8 0.45260416666666664 0.7734375 0.2552083333333333 0.4565972222222222
8 0.7864583333333334 0.8315972222222222 0.42291666666666666 0.3229166666666667
6 0.6536458333333334 0.265625 0.6927083333333334 0.5069444444444444
9 0.07291666666666667 0.4357638888888889 0.07916666666666666 0.2534722222222222
