0 0.3307291666666667 0.5989583333333334 0.159375 0.22569444444444445
0 0.690625 0.5755208333333334 0.13541666666666666 0.1579861111111111
0 0.4296875 0.5390625 0.04895833333333333 0.05381944444444445
3 0.4864583333333333 0.5954861111111112 0.052083333333333336 0.2361111111111111
3 0.5989583333333334 0.6076388888888888 0.06041666666666667 0.2708333333333333
3 0.7921875 0.6258680555555556 0.03854166666666667 0.15104166666666666
5 0.15 0.6284722222222222 0.28958333333333336 0.2048611111111111
5 0.0453125 0.4678819444444444 0.08020833333333334 0.09895833333333333
6 0.5015625 0.265625 0.9989583333333333 0.5104166666666666
6 0.8692708333333333 0.5364583333333334 0.053125 0.1840277777777778
6 0.9239583333333333 0.5399305555555556 0.05 0.2048611111111111
6 0.9796875 0.5451388888888888 0.042708333333333334 0.19444444444444445
8 0.5010416666666667 0.8975694444444444 1.0 0.20833333333333334
8 0.5260416666666666 0.6970486111111112 0.18541666666666667 0.2065972222222222
8 0.8151041666666666 0.7387152777777778 0.3572916666666667 0.13368055555555555
