0 0.3411458333333333 0.5928819444444444 0.146875 0.2170138888888889
0 0.68125 0.5772569444444444 0.14583333333333334 0.1545138888888889
3 0.5677083333333334 0.5685763888888888 0.022916666666666665 0.11979166666666667
3 0.5385416666666667 0.5607638888888888 0.029166666666666667 0.11458333333333333
3 0.4666666666666667 0.5451388888888888 0.1 0.08680555555555555
3 0.9151041666666667 0.6276041666666666 0.06770833333333333 0.2795138888888889
5 0.140625 0.6206597222222222 0.28125 0.2586805555555556
5 0.7864583333333334 0.6111111111111112 0.11458333333333333 0.0625
6 0.5010416666666667 0.2482638888888889 1.0 0.4861111111111111
6 0.8651041666666667 0.5407986111111112 0.053125 0.1753472222222222
6 0.9677083333333333 0.5503472222222222 0.06666666666666667 0.19791666666666666
8 0.5005208333333333 0.8949652777777778 1.0 0.21354166666666666
8 0.6901041666666666 0.7265625 0.609375 0.109375
8 0.5072916666666667 0.6015625 0.18125 0.10590277777777778
