0 0.3333333333333333 0.5980902777777778 0.15833333333333333 0.2170138888888889
0 0.6833333333333333 0.5737847222222222 0.1625 0.16145833333333334
3 0.5208333333333334 0.5598958333333334 0.075 0.11631944444444445
3 0.44114583333333335 0.5329861111111112 0.05520833333333333 0.052083333333333336
5 0.146875 0.6119791666666666 0.2875 0.2586805555555556
5 0.7880208333333333 0.609375 0.11770833333333333 0.07291666666666667
6 0.5020833333333333 0.2595486111111111 0.9979166666666667 0.4982638888888889
6 0.921875 0.5347222222222222 0.15833333333333333 0.14583333333333334
8 0.5036458333333333 0.8993055555555556 0.9947916666666666 0.2048611111111111
8 0.5114583333333333 0.6831597222222222 0.18333333333333332 0.1996527777777778
8 0.80625 0.7291666666666666 0.38958333333333334 0.12152777777777778
