4 0.15572916666666667 0.4418402777777778 0.309375 0.8628472222222222
4 0.8901041666666667 0.4079861111111111 0.21354166666666666 0.3368055555555556
5 0.221875 0.7881944444444444 0.27291666666666664 0.4270833333333333
5 0.875 0.6822916666666666 0.2520833333333333 0.18055555555555555
5 0.5671875 0.5954861111111112 0.06979166666666667 0.09375
3 0.3697916666666667 0.5598958333333334 0.06875 0.1545138888888889
3 0.428125 0.5564236111111112 0.04583333333333333 0.14756944444444445
3 0.48072916666666665 0.5416666666666666 0.036458333333333336 0.1284722222222222
3 0.5083333333333333 0.5677083333333334 0.04791666666666667 0.13541666666666666
3 0.609375 0.5989583333333334 0.07291666666666667 0.2569444444444444
3 0.65625 0.5989583333333334 0.06666666666666667 0.2048611111111111
8 0.4828125 0.78125 0.33229166666666665 0.4409722222222222
8 0.8270833333333333 0.8394097222222222 0.34791666666666665 0.3107638888888889
6 0.6604166666666667 0.2855902777777778 0.68125 0.5642361111111112
9 0.06666666666666667 0.4383680555555556 0.08125 0.2725694444444444
