0 0.340625 0.5911458333333334 0.15208333333333332 0.21006944444444445
0 0.6786458333333333 0.5798611111111112 0.14479166666666668 0.15625
3 0.478125 0.5451388888888888 0.08541666666666667 0.0763888888888889
3 0.7848958333333333 0.6267361111111112 0.059375 0.14930555555555555
5 0.5546875 0.5668402777777778 0.071875 0.050347222222222224
5 0.146875 0.6154513888888888 0.28958333333333336 0.2170138888888889
6 0.5020833333333333 0.2578125 0.9979166666666667 0.5017361111111112
6 0.915625 0.5399305555555556 0.17083333333333334 0.19791666666666666
8 0.5010416666666667 0.8923611111111112 1.0 0.21875
8 0.5130208333333334 0.6623263888888888 0.184375 0.2204861111111111
8 0.8083333333333333 0.7317708333333334 0.3854166666666667 0.11979166666666667
