0 0.340625 0.5998263888888888 0.14791666666666667 0.2309027777777778
0 0.6848958333333334 0.5772569444444444 0.15104166666666666 0.15104166666666666
3 0.49166666666666664 0.5512152777777778 0.027083333333333334 0.0954861111111111
3 0.4583333333333333 0.5529513888888888 0.03333333333333333 0.0920138888888889
3 0.4276041666666667 0.5451388888888888 0.046875 0.08680555555555555
3 0.5276041666666667 0.5555555555555556 0.030208333333333334 0.13194444444444445
3 0.5572916666666666 0.5625 0.035416666666666666 0.14583333333333334
3 0.5953125 0.5572916666666666 0.034375 0.14583333333333334
3 0.9713541666666666 0.6171875 0.059375 0.24479166666666666
5 0.15 0.6137152777777778 0.2916666666666667 0.2586805555555556
5 0.7953125 0.6076388888888888 0.11979166666666667 0.06597222222222222
6 0.5015625 0.2465277777777778 0.9989583333333333 0.4861111111111111
6 0.8796875 0.5347222222222222 0.24270833333333333 0.19791666666666666
8 0.5026041666666666 0.8914930555555556 0.996875 0.2204861111111111
8 0.6786458333333333 0.7100694444444444 0.5927083333333333 0.125
8 0.49947916666666664 0.5798611111111112 0.19479166666666667 0.1111111111111111
