0 0.3390625 0.6024305555555556 0.15104166666666666 0.2465277777777778
0 0.6890625 0.5798611111111112 0.16354166666666667 0.1597222222222222
3 0.465625 0.5642361111111112 0.03333333333333333 0.12152777777777778
3 0.5161458333333333 0.5633680555555556 0.021875 0.109375
3 0.415625 0.5234375 0.04583333333333333 0.057291666666666664
3 0.9026041666666667 0.5980902777777778 0.04479166666666667 0.19270833333333334
5 0.15729166666666666 0.5998263888888888 0.30625 0.2899305555555556
5 0.7963541666666667 0.6085069444444444 0.128125 0.06770833333333333
6 0.5015625 0.3072916666666667 0.9989583333333333 0.5972222222222222
8 0.5005208333333333 0.8914930555555556 1.0 0.2204861111111111
8 0.6942708333333333 0.7109375 0.6072916666666667 0.11631944444444445
8 0.5109375 0.5911458333333334 0.18229166666666666 0.10243055555555555
