0 0.2604166666666667 0.5199652777777778 0.3229166666666667 0.2482638888888889
0 0.4822916666666667 0.4427083333333333 0.05625 0.07291666666666667
1 0.3614583333333333 0.4548611111111111 0.035416666666666666 0.059027777777777776
1 0.42864583333333334 0.46875 0.06979166666666667 0.10069444444444445
3 0.0796875 0.6536458333333334 0.13854166666666667 0.6545138888888888
3 0.18541666666666667 0.4635416666666667 0.04375 0.0625
4 0.2390625 0.23697916666666666 0.478125 0.4565972222222222
4 0.8166666666666667 0.4722222222222222 0.36875 0.9340277777777778
5 0.5958333333333333 0.4982638888888889 0.13541666666666666 0.23958333333333334
6 0.28958333333333336 0.2829861111111111 0.14375 0.2534722222222222
6 0.5666666666666667 0.2977430555555556 0.1125 0.5503472222222222
7 0.196875 0.19791666666666666 0.16875 0.04861111111111111
8 0.5364583333333334 0.703125 0.23541666666666666 0.5451388888888888
8 0.20260416666666667 0.8142361111111112 0.403125 0.34375
9 0.0609375 0.1527777777777778 0.07604166666666666 0.09375
9 0.4515625 0.12065972222222222 0.023958333333333335 0.036458333333333336
9 0.4552083333333333 0.2265625 0.03125 0.036458333333333336
9 0.4552083333333333 0.3324652777777778 0.03333333333333333 0.046875
9 0.36614583333333334 0.171875 0.05520833333333333 0.1701388888888889
9 0.3640625 0.3654513888888889 0.053125 0.11284722222222222
9 0.41875 0.3802083333333333 0.035416666666666666 0.06944444444444445
9 0.42083333333333334 0.08159722222222222 0.03125 0.10416666666666667
