0 0.3375 0.5980902777777778 0.14375 0.2204861111111111
0 0.68125 0.5833333333333334 0.15416666666666667 0.16319444444444445
3 0.4953125 0.5486111111111112 0.109375 0.11458333333333333
3 0.4171875 0.5225694444444444 0.03229166666666667 0.04513888888888889
5 0.7963541666666667 0.6102430555555556 0.128125 0.046875
5 0.1484375 0.6206597222222222 0.28229166666666666 0.22395833333333334
6 0.5010416666666667 0.2534722222222222 1.0 0.5
6 0.925 0.546875 0.15208333333333332 0.19791666666666666
8 0.5015625 0.8932291666666666 0.9989583333333333 0.2170138888888889
8 0.6651041666666667 0.7256944444444444 0.6510416666666666 0.08680555555555555
8 0.5026041666666666 0.609375 0.18020833333333333 0.12152777777777778
