0 0.32864583333333336 0.6032986111111112 0.16145833333333334 0.2378472222222222
0 0.6838541666666667 0.5746527777777778 0.153125 0.15625
3 0.6010416666666667 0.5633680555555556 0.025 0.0642361111111111
3 0.7911458333333333 0.6154513888888888 0.04479166666666667 0.1545138888888889
4 0.05572916666666667 0.3394097222222222 0.11354166666666667 0.2864583333333333
5 0.15833333333333333 0.6232638888888888 0.30625 0.21180555555555555
5 0.5395833333333333 0.5581597222222222 0.1125 0.0642361111111111
6 0.86875 0.5442708333333334 0.05625 0.19270833333333334
6 0.14322916666666666 0.265625 0.17604166666666668 0.5069444444444444
6 0.9223958333333333 0.5598958333333334 0.034375 0.1996527777777778
6 0.9776041666666667 0.5546875 0.046875 0.1892361111111111
6 0.5286458333333334 0.3671875 0.146875 0.4427083333333333
6 0.7979166666666667 0.2638888888888889 0.40625 0.5069444444444444
6 0.35260416666666666 0.2465277777777778 0.221875 0.4618055555555556
8 0.5020833333333333 0.9010416666666666 0.9979166666666667 0.2013888888888889
8 0.5130208333333334 0.7673611111111112 0.18645833333333334 0.46875
8 0.8083333333333333 0.8359375 0.3854166666666667 0.3315972222222222
