0 0.3375 0.5972222222222222 0.15 0.21875
0 0.6921875 0.5763888888888888 0.13645833333333332 0.1527777777777778
3 0.6182291666666667 0.5763888888888888 0.03229166666666667 0.1875
3 0.6526041666666667 0.5972222222222222 0.042708333333333334 0.1701388888888889
3 0.5609375 0.5807291666666666 0.042708333333333334 0.1684027777777778
3 0.5010416666666667 0.5807291666666666 0.04583333333333333 0.1579861111111111
3 0.5197916666666667 0.5425347222222222 0.05416666666666667 0.140625
3 0.43333333333333335 0.5277777777777778 0.05 0.07291666666666667
3 0.915625 0.6032986111111112 0.04791666666666667 0.1996527777777778
5 0.14427083333333332 0.6006944444444444 0.28020833333333334 0.2847222222222222
5 0.7895833333333333 0.6085069444444444 0.10833333333333334 0.057291666666666664
6 0.5015625 0.2578125 0.9989583333333333 0.4982638888888889
6 0.8848958333333333 0.5789930555555556 0.23229166666666667 0.1996527777777778
8 0.5015625 0.8949652777777778 0.9989583333333333 0.21354166666666666
8 0.6875 0.7144097222222222 0.61875 0.11979166666666667
8 0.49322916666666666 0.5954861111111112 0.128125 0.09375
