3 0.46979166666666666 0.5642361111111112 0.035416666666666666 0.1284722222222222
3 0.5177083333333333 0.5685763888888888 0.041666666666666664 0.1232638888888889
3 0.38229166666666664 0.5329861111111112 0.06666666666666667 0.07291666666666667
4 0.14270833333333333 0.4253472222222222 0.2833333333333333 0.8402777777777778
4 0.8916666666666667 0.3203125 0.21875 0.2899305555555556
5 0.22291666666666668 0.7994791666666666 0.2604166666666667 0.4045138888888889
5 0.8703125 0.703125 0.26145833333333335 0.18055555555555555
5 0.6380208333333334 0.6310763888888888 0.178125 0.1371527777777778
6 0.6479166666666667 0.3020833333333333 0.70625 0.59375
8 0.4708333333333333 0.7708333333333334 0.2833333333333333 0.4618055555555556
8 0.6505208333333333 0.8541666666666666 0.7010416666666667 0.2951388888888889
9 0.0734375 0.4383680555555556 0.059375 0.2517361111111111
