0 0.33958333333333335 0.6006944444444444 0.14583333333333334 0.2326388888888889
0 0.6838541666666667 0.5737847222222222 0.15104166666666666 0.14756944444444445
1 0.4359375 0.5277777777777778 0.015625 0.03819444444444445
3 0.225 0.6701388888888888 0.13333333333333333 0.6631944444444444
3 0.46979166666666666 0.5625 0.03958333333333333 0.125
3 0.5260416666666666 0.5555555555555556 0.04583333333333333 0.0763888888888889
3 0.7901041666666667 0.6215277777777778 0.040625 0.14583333333333334
3 0.43697916666666664 0.5286458333333334 0.084375 0.05381944444444445
5 0.06145833333333333 0.5677083333333334 0.1125 0.25
6 0.103125 0.2230902777777778 0.20208333333333334 0.4392361111111111
6 0.8640625 0.5460069444444444 0.04895833333333333 0.21354166666666666
6 0.9145833333333333 0.5434027777777778 0.058333333333333334 0.19791666666666666
6 0.9765625 0.5451388888888888 0.04895833333333333 0.19444444444444445
6 0.6067708333333334 0.1701388888888889 0.7885416666666667 0.3159722222222222
6 0.5333333333333333 0.4296875 0.4666666666666667 0.1753472222222222
8 0.5026041666666666 0.9071180555555556 0.996875 0.1892361111111111
8 0.515625 0.6961805555555556 0.18541666666666667 0.22916666666666666
8 0.8078125 0.7404513888888888 0.384375 0.1579861111111111
