4 0.2171875 0.3324652777777778 0.33645833333333336 0.421875
4 0.5041666666666667 0.3900293402777778 0.14583333333333334 0.2534722222222222
4 0.8677083333333333 0.2734375 0.26666666666666666 0.2864583333333333
5 0.37374166666666664 0.4965277777777778 0.16145833333333334 0.1111111111111111
5 0.3078125 0.5798611111111112 0.20729166666666668 0.0625
5 0.9135416666666667 0.4809027777777778 0.175 0.22569444444444445
0 0.06875 0.5243055555555556 0.13333333333333333 0.12152777777777778
0 0.7733386458333332 0.5190972222222222 0.134375 0.2048611111111111
0 0.6415564583333333 0.5170189236111111 0.040625 0.07291666666666667
3 0.8882717708333333 0.5819013888888889 0.09270833333333334 0.39928020833333333
3 0.5672520833333333 0.5001203125 0.0375 0.09895833333333333
3 0.46567062499999995 0.5131284722222222 0.041666666666666664 0.14930555555555555
3 0.36156479166666666 0.5265548611111112 0.052083333333333336 0.18229166666666666
3 0.7640625 0.5386253472222222 0.057291666666666664 0.24738958333333333
3 0.6065503125 0.5291717013888889 0.05520833333333333 0.052083333333333336
8 0.5041666666666667 0.8125 0.99375 0.3784722222222222
8 0.546875 0.5685763888888888 0.2604166666666667 0.11284722222222222
7 0.21666666666666667 0.4577060763888888 0.13958333333333334 0.11631944444444445
6 0.5026041666666666 0.2421875 0.996875 0.4809027777777778
9 0.7947916666666667 0.2760416666666667 0.025 0.10416666666666667
9 0.7645833333333333 0.3055555555555556 0.029166666666666667 0.09027777777777778
