0 0.5901041666666667 0.5477430555555556 0.059375 0.08159722222222222
1 0.6166666666666667 0.8090277777777778 0.17916666666666667 0.3854166666666667
3 0.10416666666666667 0.6909722222222222 0.10625 0.4965277777777778
3 0.43385416666666665 0.578125 0.051041666666666666 0.1875
4 0.43020833333333336 0.4270833333333333 0.5041666666666667 0.2604166666666667
4 0.7515625 0.1623263888888889 0.11354166666666667 0.21006944444444445
5 0.3484375 0.578125 0.11979166666666667 0.052083333333333336
5 0.4875 0.4817708333333333 0.1125 0.140625
5 0.7505208333333333 0.6597222222222222 0.109375 0.2048611111111111
5 0.9088541666666666 0.8090277777777778 0.184375 0.3819444444444444
5 0.15208333333333332 0.5338541666666666 0.04583333333333333 0.06076388888888889
6 0.13385416666666666 0.2725694444444444 0.265625 0.5277777777777778
6 0.49114583333333334 0.18663194444444445 0.428125 0.3524305555555556
6 0.8078125 0.4149305555555556 0.38645833333333335 0.3229166666666667
6 0.8921875 0.13368055555555555 0.21770833333333334 0.24305555555555555
7 0.5770833333333333 0.4157986111111111 0.07708333333333334 0.046875
8 0.39739583333333334 0.8689236111111112 0.790625 0.265625
8 0.5411458333333333 0.6388888888888888 0.2947916666666667 0.1527777777777778
9 0.35104166666666664 0.5086805555555556 0.07708333333333334 0.08680555555555555
