0 0.33958333333333335 0.5980902777777778 0.15208333333333332 0.2204861111111111
0 0.6838541666666667 0.5842013888888888 0.159375 0.16145833333333334
3 0.42552083333333335 0.5260416666666666 0.036458333333333336 0.03819444444444445
3 0.5265625 0.5460069444444444 0.046875 0.0920138888888889
3 0.46979166666666666 0.5503472222222222 0.05 0.1076388888888889
5 0.14375 0.6197916666666666 0.2875 0.2361111111111111
5 0.7875 0.6102430555555556 0.11666666666666667 0.050347222222222224
6 0.5015625 0.2569444444444444 0.9989583333333333 0.5034722222222222
6 0.925 0.546875 0.15208333333333332 0.1875
8 0.5015625 0.8932291666666666 0.9989583333333333 0.2170138888888889
8 0.6838541666666667 0.7196180555555556 0.6114583333333333 0.0954861111111111
8 0.5104166666666666 0.6050347222222222 0.17291666666666666 0.109375
