0 0.48489583333333336 0.4409722222222222 0.05520833333333333 0.06597222222222222
0 0.2942708333333333 0.5347222222222222 0.35520833333333335 0.2743055555555556
1 0.4296875 0.4774305555555556 0.06354166666666666 0.06944444444444445
3 0.01875 0.5911458333333334 0.03333333333333333 0.5190972222222222
3 0.21354166666666666 0.4583333333333333 0.03125 0.05555555555555555
4 0.24947916666666667 0.2230902777777778 0.484375 0.4288194444444444
4 0.8078125 0.4696180555555556 0.359375 0.921875
5 0.590625 0.453125 0.14166666666666666 0.1701388888888889
5 0.0828125 0.5338541666666666 0.121875 0.203125
6 0.2791666666666667 0.2829861111111111 0.15416666666666667 0.21875
6 0.5609375 0.2717013888888889 0.10104166666666667 0.5190972222222222
6 0.10416666666666667 0.3168402777777778 0.075 0.17881944444444445
7 0.1921875 0.2013888888888889 0.159375 0.041666666666666664
8 0.353125 0.8020833333333334 0.7041666666666667 0.34375
8 0.5020833333333333 0.5555555555555556 0.18958333333333333 0.14583333333333334
9 0.058333333333333334 0.1545138888888889 0.07708333333333334 0.09722222222222222
9 0.45364583333333336 0.2230902777777778 0.034375 0.029513888888888888
9 0.45416666666666666 0.11805555555555555 0.027083333333333334 0.03125
9 0.45677083333333335 0.3385416666666667 0.040625 0.05555555555555555
9 0.41770833333333335 0.07725694444444445 0.020833333333333332 0.078125
9 0.36302083333333335 0.15625 0.04895833333333333 0.10416666666666667
9 0.41510416666666666 0.265625 0.026041666666666668 0.09027777777777778
9 0.35572916666666665 0.3706597222222222 0.040625 0.07465277777777778
9 0.41822916666666665 0.3949652777777778 0.013541666666666667 0.0642361111111111
9 0.6395833333333333 0.3914930555555556 0.022916666666666665 0.0954861111111111
