0 0.3333333333333333 0.59375 0.14791666666666667 0.22916666666666666
0 0.6833333333333333 0.5789930555555556 0.15416666666666667 0.1440972222222222
3 0.434375 0.5486111111111112 0.05416666666666667 0.08333333333333333
3 0.7854166666666667 0.6223958333333334 0.04583333333333333 0.1440972222222222
5 0.534375 0.5642361111111112 0.11875 0.059027777777777776
5 0.14739583333333334 0.6128472222222222 0.296875 0.2465277777777778
6 0.503125 0.2482638888888889 0.9958333333333333 0.4826388888888889
6 0.9213541666666667 0.5295138888888888 0.159375 0.15625
8 0.5 0.8871527777777778 1.0 0.22916666666666666
8 0.515625 0.6675347222222222 0.2 0.1892361111111111
8 0.8119791666666667 0.7213541666666666 0.378125 0.11284722222222222
