0 0.328125 0.5920138888888888 0.15833333333333333 0.2534722222222222
0 0.5177083333333333 0.5685763888888888 0.11875 0.1440972222222222
0 0.6848958333333334 0.5746527777777778 0.15520833333333334 0.1597222222222222
3 0.44479166666666664 0.5407986111111112 0.03125 0.08854166666666667
3 0.7848958333333333 0.6310763888888888 0.04479166666666667 0.15104166666666666
4 0.06614583333333333 0.3559027777777778 0.121875 0.2673611111111111
5 0.15885416666666666 0.6458333333333334 0.3072916666666667 0.23958333333333334
6 0.13645833333333332 0.2673611111111111 0.15 0.5277777777777778
6 0.5572916666666666 0.3237847222222222 0.20625 0.3559027777777778
6 0.8234375 0.3020833333333333 0.35520833333333335 0.5868055555555556
6 0.8671875 0.5538194444444444 0.04895833333333333 0.2013888888888889
6 0.9270833333333334 0.5711805555555556 0.04375 0.2326388888888889
6 0.9833333333333333 0.5911458333333334 0.035416666666666666 0.2760416666666667
6 0.33697916666666666 0.2699652777777778 0.234375 0.4253472222222222
8 0.5026041666666666 0.9097222222222222 0.996875 0.1840277777777778
8 0.6895833333333333 0.7074652777777778 0.5645833333333333 0.19270833333333334
