0 0.3328125 0.5954861111111112 0.15729166666666666 0.2222222222222222
0 0.6786458333333333 0.5694444444444444 0.146875 0.13194444444444445
3 0.9239583333333333 0.6657986111111112 0.10625 0.4704861111111111
3 0.43385416666666665 0.5277777777777778 0.053125 0.03125
5 0.14166666666666666 0.6189236111111112 0.28125 0.2309027777777778
5 0.7885416666666667 0.6128472222222222 0.11041666666666666 0.059027777777777776
5 0.5302083333333333 0.5512152777777778 0.10625 0.06076388888888889
6 0.5026041666666666 0.2612847222222222 0.996875 0.5052083333333334
8 0.5015625 0.8958333333333334 0.9989583333333333 0.21180555555555555
8 0.6489583333333333 0.734375 0.6770833333333334 0.0763888888888889
8 0.5114583333333333 0.6232638888888888 0.2 0.11805555555555555
