4 0.30885416666666665 0.4296875 0.34479166666666666 0.2204861111111111
4 0.5848958333333333 0.4262152777777778 0.15104166666666666 0.2204861111111111
4 0.75625 0.1779513888888889 0.10208333333333333 0.16493055555555555
5 0.8380208333333333 0.7447916666666666 0.3260416666666667 0.5104166666666666
5 0.2078125 0.5269097222222222 0.31145833333333334 0.1579861111111111
0 0.5880208333333333 0.5277777777777778 0.06145833333333333 0.09027777777777778
3 0.45680885416666667 0.5597248263888889 0.03854166666666667 0.12152777777777778
3 0.5864583333333333 0.5564236111111112 0.06041666666666667 0.11284722222222222
1 0.61875 0.7734375 0.16875 0.4565972222222222
8 0.3875 0.8611111111111112 0.7666666666666667 0.28125
8 0.5098958333333333 0.6423611111111112 0.284375 0.16319444444444445
7 0.58125 0.4131944444444444 0.08958333333333333 0.052083333333333336
6 0.5010416666666667 0.2847222222222222 1.0 0.5590277777777778
9 0.3416666666666667 0.5 0.07708333333333334 0.0798611111111111
9 0.7328125 0.19010416666666666 0.036458333333333336 0.08854166666666667
