0 0.3385416666666667 0.59375 0.15208333333333332 0.21875
0 0.6875 0.5772569444444444 0.14583333333333334 0.1545138888888889
3 0.5385416666666667 0.5625 0.0375 0.13541666666666666
3 0.5791666666666667 0.578125 0.041666666666666664 0.14930555555555555
3 0.45364583333333336 0.5390625 0.090625 0.08506944444444445
5 0.14635416666666667 0.6137152777777778 0.290625 0.2517361111111111
5 0.7916666666666666 0.609375 0.11875 0.07291666666666667
6 0.5010416666666667 0.2560763888888889 1.0 0.5017361111111112
6 0.9223958333333333 0.5434027777777778 0.15729166666666666 0.21875
8 0.49947916666666664 0.8967013888888888 1.0 0.21006944444444445
8 0.47239583333333335 0.6675347222222222 0.11354166666666667 0.234375
8 0.7609375 0.7178819444444444 0.46770833333333334 0.1267361111111111
