0 0.3260416666666667 0.5868055555555556 0.15833333333333333 0.22569444444444445
0 0.7 0.5772569444444444 0.11875 0.140625
3 0.4947916666666667 0.6345486111111112 0.08125 0.3454861111111111
3 0.6234375 0.6414930555555556 0.08020833333333334 0.3836805555555556
3 0.709375 0.5894097222222222 0.05 0.2065972222222222
3 0.7890625 0.6128472222222222 0.03854166666666667 0.16319444444444445
3 0.42552083333333335 0.5373263888888888 0.034375 0.08159722222222222
4 0.0578125 0.3611111111111111 0.11145833333333334 0.2569444444444444
5 0.14635416666666667 0.625 0.290625 0.20833333333333334
6 0.146875 0.2717013888888889 0.16458333333333333 0.5399305555555556
6 0.6192708333333333 0.2404513888888889 0.7614583333333333 0.4600694444444444
6 0.8713541666666667 0.5486111111111112 0.04895833333333333 0.17708333333333334
6 0.9244791666666666 0.5546875 0.034375 0.1753472222222222
6 0.9786458333333333 0.5633680555555556 0.04479166666666667 0.21354166666666666
8 0.5005208333333333 0.8984375 1.0 0.2065972222222222
8 0.6921875 0.6892361111111112 0.5885416666666666 0.17708333333333334
