0 0.33229166666666665 0.5980902777777778 0.1625 0.2482638888888889
0 0.4328125 0.5303819444444444 0.030208333333333334 0.036458333333333336
0 0.6901041666666666 0.5807291666666666 0.15520833333333334 0.16145833333333334
3 0.5984375 0.5572916666666666 0.017708333333333333 0.0625
3 0.7895833333333333 0.6119791666666666 0.041666666666666664 0.15104166666666666
4 0.0578125 0.3689236111111111 0.10104166666666667 0.2517361111111111
5 0.15104166666666666 0.6449652777777778 0.2916666666666667 0.24131944444444445
5 0.8619791666666666 0.6215277777777778 0.07604166666666666 0.0763888888888889
5 0.5364583333333334 0.5477430555555556 0.1125 0.06076388888888889
6 0.13697916666666668 0.2638888888888889 0.17604166666666668 0.5104166666666666
6 0.796875 0.2526041666666667 0.4083333333333333 0.4947916666666667
6 0.8677083333333333 0.5607638888888888 0.05416666666666667 0.2013888888888889
6 0.9229166666666667 0.5616319444444444 0.041666666666666664 0.18229166666666666
6 0.9770833333333333 0.5590277777777778 0.04791666666666667 0.17708333333333334
6 0.5380208333333333 0.3767361111111111 0.13645833333333332 0.3472222222222222
6 0.46041666666666664 0.2543402777777778 0.43333333333333335 0.4253472222222222
8 0.5020833333333333 0.9088541666666666 0.9979166666666667 0.1857638888888889
8 0.5166666666666667 0.7838541666666666 0.19375 0.4357638888888889
8 0.8125 0.8394097222222222 0.3770833333333333 0.3246527777777778
