0 0.3380208333333333 0.59375 0.14895833333333333 0.21875
0 0.6734375 0.5763888888888888 0.121875 0.16319444444444445
3 0.47552083333333334 0.6258680555555556 0.05520833333333333 0.2725694444444444
3 0.58125 0.6380208333333334 0.09791666666666667 0.3350694444444444
3 0.7479166666666667 0.65625 0.07083333333333333 0.3819444444444444
3 0.8125 0.7065972222222222 0.16666666666666666 0.5902777777777778
3 0.9557291666666666 0.7039930555555556 0.090625 0.5954861111111112
3 0.4192708333333333 0.5234375 0.03854166666666667 0.03298611111111111
5 0.15260416666666668 0.5989583333333334 0.2947916666666667 0.2534722222222222
6 0.5005208333333333 0.2664930555555556 1.0 0.5225694444444444
8 0.5015625 0.8949652777777778 0.9989583333333333 0.21354166666666666
8 0.6755208333333333 0.7196180555555556 0.578125 0.1232638888888889
8 0.4901041666666667 0.6111111111111112 0.128125 0.08333333333333333
