0 0.3307291666666667 0.5954861111111112 0.159375 0.2326388888888889
0 0.6848958333333334 0.5763888888888888 0.14270833333333333 0.16319444444444445
0 0.4328125 0.5277777777777778 0.03854166666666667 0.03125
3 0.5994791666666667 0.5625 0.019791666666666666 0.052083333333333336
3 0.7869791666666667 0.6197916666666666 0.046875 0.1284722222222222
4 0.059375 0.3802083333333333 0.10416666666666667 0.3159722222222222
5 0.14791666666666667 0.6440972222222222 0.29375 0.19444444444444445
5 0.8546875 0.6189236111111112 0.059375 0.06076388888888889
5 0.525 0.5529513888888888 0.1125 0.07118055555555555
6 0.1453125 0.2595486111111111 0.18645833333333334 0.5086805555555556
6 0.5817708333333333 0.3220486111111111 0.203125 0.3211805555555556
6 0.8213541666666667 0.2595486111111111 0.359375 0.4878472222222222
6 0.8604166666666667 0.5520833333333334 0.03958333333333333 0.19444444444444445
6 0.9145833333333333 0.5572916666666666 0.041666666666666664 0.1909722222222222
6 0.9770833333333333 0.5642361111111112 0.04791666666666667 0.2048611111111111
6 0.36875 0.2829861111111111 0.23125 0.3888888888888889
8 0.5041666666666667 0.9105902777777778 0.99375 0.18229166666666666
8 0.5161458333333333 0.7673611111111112 0.18229166666666666 0.40625
8 0.7994791666666666 0.8385416666666666 0.359375 0.3263888888888889
