0 0.3296875 0.5972222222222222 0.178125 0.22916666666666666
0 0.6807291666666667 0.5755208333333334 0.14479166666666668 0.14756944444444445
3 0.5671875 0.5815972222222222 0.053125 0.1909722222222222
3 0.7953125 0.6232638888888888 0.046875 0.1388888888888889
3 0.434375 0.5199652777777778 0.025 0.03298611111111111
4 0.06041666666666667 0.3394097222222222 0.11875 0.2690972222222222
5 0.15208333333333332 0.6345486111111112 0.29375 0.2170138888888889
5 0.8380208333333333 0.6119791666666666 0.036458333333333336 0.046875
5 0.48854166666666665 0.5321180555555556 0.07916666666666666 0.08159722222222222
6 0.12395833333333334 0.2612847222222222 0.21666666666666667 0.515625
6 0.809375 0.3116319444444444 0.32083333333333336 0.6163194444444444
6 0.5640625 0.2925347222222222 0.22604166666666667 0.4149305555555556
6 0.3536458333333333 0.2717013888888889 0.221875 0.4288194444444444
6 0.8729166666666667 0.53125 0.03125 0.1840277777777778
6 0.9255208333333333 0.546875 0.046875 0.2048611111111111
6 0.9817708333333334 0.5798611111111112 0.03854166666666667 0.2534722222222222
8 0.7161458333333334 0.8446180555555556 0.5677083333333334 0.2760416666666667
8 0.5015625 0.6180555555555556 0.165625 0.14930555555555555
