0 0.3255208333333333 0.5998263888888888 0.159375 0.24479166666666666
0 0.6869791666666667 0.5815972222222222 0.153125 0.1701388888888889
3 0.42552083333333335 0.5303819444444444 0.040625 0.06770833333333333
3 0.6036458333333333 0.5659722222222222 0.028125 0.0798611111111111
3 0.7927083333333333 0.6189236111111112 0.04791666666666667 0.1371527777777778
4 0.06302083333333333 0.3315972222222222 0.11145833333333334 0.24305555555555555
5 0.1484375 0.6302083333333334 0.29270833333333335 0.19791666666666666
5 0.55 0.5633680555555556 0.08958333333333333 0.06770833333333333
6 0.15520833333333334 0.2682291666666667 0.19375 0.5121527777777778
6 0.5901041666666667 0.3350694444444444 0.215625 0.3472222222222222
6 0.8088541666666667 0.2552083333333333 0.384375 0.5034722222222222
6 0.8677083333333333 0.5399305555555556 0.04583333333333333 0.1909722222222222
6 0.9182291666666667 0.5572916666666666 0.05520833333333333 0.2048611111111111
6 0.9796875 0.5607638888888888 0.042708333333333334 0.2013888888888889
6 0.396875 0.2690972222222222 0.2708333333333333 0.4027777777777778
8 0.5015625 0.9088541666666666 0.9989583333333333 0.1857638888888889
8 0.5052083333333334 0.7717013888888888 0.18958333333333333 0.4322916666666667
8 0.8072916666666666 0.8428819444444444 0.3875 0.3177083333333333
