0 0.3380208333333333 0.5989583333333334 0.146875 0.2361111111111111
0 0.6828125 0.5815972222222222 0.153125 0.1597222222222222
3 0.565625 0.5694444444444444 0.08125 0.16319444444444445
3 0.41822916666666665 0.5251736111111112 0.06770833333333333 0.03298611111111111
5 0.7875 0.6119791666666666 0.12916666666666668 0.050347222222222224
5 0.1546875 0.6345486111111112 0.31354166666666666 0.2204861111111111
6 0.5020833333333333 0.2621527777777778 0.9979166666666667 0.5104166666666666
6 0.9151041666666667 0.5616319444444444 0.16979166666666667 0.1996527777777778
8 0.5020833333333333 0.8871527777777778 0.9979166666666667 0.22916666666666666
8 0.5088541666666667 0.6814236111111112 0.203125 0.16145833333333334
8 0.4630208333333333 0.5607638888888888 0.09895833333333333 0.059027777777777776
8 0.8098958333333334 0.7196180555555556 0.38229166666666664 0.0920138888888889
