0 0.3328125 0.5911458333333334 0.15729166666666666 0.234375
3 0.4453125 0.625 0.059375 0.3055555555555556
3 0.49583333333333335 0.6085069444444444 0.05416666666666667 0.3038194444444444
3 0.5588541666666667 0.5677083333333334 0.042708333333333334 0.1527777777777778
3 0.7 0.6163194444444444 0.05625 0.2777777777777778
3 0.6348958333333333 0.6215277777777778 0.046875 0.3298611111111111
3 0.5973958333333333 0.5460069444444444 0.028125 0.14756944444444445
3 0.7921875 0.6215277777777778 0.03854166666666667 0.1701388888888889
4 0.0625 0.3576388888888889 0.11041666666666666 0.2847222222222222
5 0.14114583333333333 0.6232638888888888 0.27395833333333336 0.2048611111111111
5 0.75 0.6206597222222222 0.025 0.078125
6 0.1484375 0.2560763888888889 0.18229166666666666 0.5017361111111112
6 0.8239583333333333 0.2708333333333333 0.3541666666666667 0.53125
6 0.8708333333333333 0.5538194444444444 0.05 0.21180555555555555
6 0.9255208333333333 0.5625 0.053125 0.19444444444444445
6 0.9822916666666667 0.5460069444444444 0.0375 0.19270833333333334
6 0.5640625 0.3203125 0.18020833333333333 0.3038194444444444
6 0.3619791666666667 0.2404513888888889 0.22604166666666667 0.4288194444444444
8 0.5010416666666667 0.9045138888888888 1.0 0.19444444444444445
8 0.715625 0.7092013888888888 0.5583333333333333 0.14756944444444445
