2 0.49392104166666667 0.5944848958333334 0.057291666666666664 0.096740625
4 0.28541666666666665 0.4626736111111111 0.25833333333333336 0.22395833333333334
4 0.5333333333333333 0.421875 0.20833333333333334 0.2604166666666667
4 0.7489583333333333 0.16145833333333334 0.12083333333333333 0.2048611111111111
5 0.22604166666666667 0.5260416666666666 0.12291666666666666 0.13194444444444445
5 0.3541666666666667 0.5807291666666666 0.12291666666666666 0.0642361111111111
5 0.853125 0.7517361111111112 0.29583333333333334 0.5
5 0.7255208333333333 0.4375 0.16770833333333332 0.2743055555555556
0 0.5911458333333334 0.5390625 0.06145833333333333 0.07465277777777778
3 0.48624541666666665 0.5478255208333334 0.05625 0.12193333333333332
3 0.5512545833333334 0.5494664930555556 0.0375 0.11979166666666667
3 0.6136290624999999 0.5392208333333334 0.042708333333333334 0.09375
1 0.6151041666666667 0.7855902777777778 0.17604166666666668 0.4322916666666667
8 0.3416666666666667 0.7760416666666666 0.68125 0.4513888888888889
7 0.5760416666666667 0.4175347222222222 0.0875 0.06076388888888889
6 0.5005208333333333 0.2907986111111111 1.0 0.5711805555555556
9 0.7291666666666666 0.18836805555555555 0.058333333333333334 0.109375
9 0.34479166666666666 0.4991319444444444 0.075 0.078125
