4 0.15520833333333334 0.4539930555555556 0.30833333333333335 0.8975694444444444
4 0.890625 0.3888888888888889 0.22083333333333333 0.3333333333333333
5 0.221875 0.7829861111111112 0.25833333333333336 0.4375
5 0.87349453125 0.6892361111111112 0.25293489583333334 0.22916666666666666
5 0.6453125 0.6159772569444445 0.14479166666666668 0.1076388888888889
5 0.53125 0.5859375 0.06458333333333334 0.08506944444444445
5 0.4427083333333333 0.5677083333333334 0.04583333333333333 0.0625
3 0.44768854166666666 0.5465328125000001 0.03125 0.0798611111111111
3 0.40102645833333334 0.5498213541666667 0.041666666666666664 0.10243055555555555
3 0.3645833333333333 0.5364583333333334 0.04583333333333333 0.06597222222222222
3 0.6630855208333333 0.6538042534722224 0.09197083333333333 0.3527980902777778
3 0.6265625 0.6232638888888888 0.06354166666666666 0.23958333333333334
8 0.5026041666666666 0.7829861111111112 0.36354166666666665 0.4375
8 0.8375 0.8628472222222222 0.32708333333333334 0.2777777777777778
6 0.653125 0.2829861111111111 0.6958333333333333 0.5625
9 0.065625 0.4409722222222222 0.0625 0.2777777777777778
