0 0.3380208333333333 0.5911458333333334 0.15520833333333334 0.2170138888888889
0 0.6859375 0.5798611111111112 0.15729166666666666 0.1597222222222222
3 0.575 0.5659722222222222 0.035416666666666666 0.11458333333333333
3 0.5328125 0.5677083333333334 0.046875 0.13541666666666666
3 0.45364583333333336 0.5407986111111112 0.090625 0.078125
5 0.14375 0.6128472222222222 0.2833333333333333 0.2465277777777778
5 0.7973958333333333 0.6145833333333334 0.121875 0.05555555555555555
6 0.5010416666666667 0.2517361111111111 1.0 0.4861111111111111
6 0.9145833333333333 0.5494791666666666 0.12708333333333333 0.18229166666666666
8 0.5041666666666667 0.8914930555555556 0.99375 0.2204861111111111
8 0.6822916666666666 0.7161458333333334 0.5854166666666667 0.11284722222222222
8 0.4666666666666667 0.5980902777777778 0.1 0.109375
