0 0.32708333333333334 0.59375 0.16875 0.23958333333333334
0 0.6848958333333334 0.5720486111111112 0.146875 0.16145833333333334
3 0.49322916666666666 0.5399305555555556 0.03854166666666667 0.0763888888888889
3 0.42239583333333336 0.5251736111111112 0.04895833333333333 0.050347222222222224
3 0.7916666666666666 0.6085069444444444 0.04583333333333333 0.15104166666666666
4 0.06354166666666666 0.3394097222222222 0.12708333333333333 0.2795138888888889
5 0.14895833333333333 0.6137152777777778 0.3020833333333333 0.234375
5 0.5661458333333333 0.5512152777777778 0.051041666666666666 0.05381944444444445
5 0.8473958333333333 0.6180555555555556 0.059375 0.059027777777777776
6 0.15052083333333333 0.2621527777777778 0.165625 0.5034722222222222
6 0.8348958333333333 0.2543402777777778 0.33229166666666665 0.4982638888888889
6 0.8661458333333333 0.5494791666666666 0.046875 0.1892361111111111
6 0.9192708333333334 0.5590277777777778 0.04479166666666667 0.2048611111111111
6 0.978125 0.5590277777777778 0.04583333333333333 0.1875
6 0.5734375 0.3532986111111111 0.153125 0.3350694444444444
6 0.3645833333333333 0.23697916666666666 0.24375 0.4392361111111111
8 0.5026041666666666 0.9001736111111112 0.996875 0.203125
8 0.5109375 0.6770833333333334 0.178125 0.21875
8 0.8057291666666667 0.7378472222222222 0.390625 0.125
