4 0.15364583333333334 0.4557291666666667 0.30520833333333336 0.9045138888888888
4 0.9037560416666667 0.3472222222222222 0.19375 0.3055555555555556
5 0.22864583333333333 0.7760416666666666 0.24270833333333333 0.4513888888888889
5 0.8695179166666667 0.6834194444444445 0.2625 0.19791666666666666
3 0.38667125 0.5335119791666667 0.07708333333333334 0.0642361111111111
3 0.6009276041666667 0.7120717013888889 0.16911500000000002 0.5763888888888888
3 0.6656515625 0.5461779513888889 0.04454833333333333 0.16319444444444445
3 0.7225251041666667 0.6197409722222222 0.08020833333333334 0.3333333333333333
3 0.43697916666666664 0.5243055555555556 0.04479166666666667 0.05555555555555555
1 0.5904235416666667 0.7790513888888889 0.2619754166666667 0.4427083333333333
8 0.49947916666666664 0.7699652777777778 0.3572916666666667 0.4635416666666667
8 0.8447916666666667 0.8541666666666666 0.3125 0.2951388888888889
6 0.6520833333333333 0.2864583333333333 0.6916666666666667 0.5520833333333334
9 0.06875 0.4288194444444444 0.075 0.2673611111111111
