0 0.5895833333333333 0.5442708333333334 0.058333333333333334 0.07465277777777778
1 0.6166666666666667 0.8003472222222222 0.15625 0.4027777777777778
3 0.43645833333333334 0.5416666666666666 0.029166666666666667 0.0798611111111111
3 0.3802083333333333 0.5850694444444444 0.058333333333333334 0.21180555555555555
4 0.3578125 0.4765625 0.13854166666666667 0.1684027777777778
4 0.203125 0.4140625 0.13541666666666666 0.16145833333333334
4 0.5338541666666666 0.4036458333333333 0.18645833333333334 0.2170138888888889
4 0.7583333333333333 0.1875 0.11666666666666667 0.20833333333333334
5 0.5203125 0.5390625 0.046875 0.06076388888888889
5 0.7614583333333333 0.6571180555555556 0.12916666666666668 0.1996527777777778
5 0.9151041666666667 0.8220486111111112 0.15520833333333334 0.3385416666666667
5 0.2713541666666667 0.5173611111111112 0.08229166666666667 0.052083333333333336
5 0.3359375 0.5798611111111112 0.065625 0.04861111111111111
5 0.14635416666666667 0.5625 0.09479166666666666 0.0625
6 0.13697916666666668 0.2595486111111111 0.271875 0.4982638888888889
6 0.49947916666666664 0.1892361111111111 0.434375 0.3715277777777778
6 0.46510416666666665 0.4678819444444444 0.08229166666666667 0.13020833333333334
6 0.890625 0.3029513888888889 0.22083333333333333 0.5885416666666666
6 0.7052083333333333 0.4175347222222222 0.17708333333333334 0.2690972222222222
7 0.5791666666666667 0.421875 0.07291666666666667 0.03819444444444445
8 0.4036458333333333 0.8645833333333334 0.8072916666666666 0.2743055555555556
8 0.521875 0.6484375 0.32708333333333334 0.1267361111111111
9 0.35052083333333334 0.5043402777777778 0.07395833333333333 0.0642361111111111
9 0.7338541666666667 0.1892361111111111 0.023958333333333335 0.09027777777777778
