0 0.3296875 0.5980902777777778 0.15104166666666666 0.22743055555555555
0 0.5401041666666667 0.5729166666666666 0.08854166666666667 0.1284722222222222
0 0.6859375 0.5842013888888888 0.15520833333333334 0.16145833333333334
3 0.4296875 0.5416666666666666 0.034375 0.09375
3 0.4744791666666667 0.6154513888888888 0.06354166666666666 0.2517361111111111
3 0.79375 0.6241319444444444 0.04375 0.140625
5 0.14427083333333332 0.6189236111111112 0.28020833333333334 0.21354166666666666
6 0.5015625 0.2595486111111111 0.9989583333333333 0.5086805555555556
6 0.9291666666666667 0.5451388888888888 0.14375 0.14583333333333334
8 0.5010416666666667 0.8958333333333334 1.0 0.21180555555555555
8 0.5171875 0.6961805555555556 0.196875 0.1875
8 0.8135416666666667 0.7300347222222222 0.375 0.10590277777777778
