0 0.3390625 0.5954861111111112 0.15104166666666666 0.2222222222222222
0 0.49895833333333334 0.5564236111111112 0.05 0.078125
0 0.6729166666666667 0.5677083333333334 0.12916666666666668 0.14583333333333334
3 0.4583333333333333 0.5538194444444444 0.03958333333333333 0.1284722222222222
3 0.6010416666666667 0.5598958333333334 0.020833333333333332 0.06770833333333333
3 0.7921875 0.6944444444444444 0.11770833333333333 0.4652777777777778
5 0.13697916666666668 0.6119791666666666 0.2635416666666667 0.22395833333333334
5 0.4901041666666667 0.2526041666666667 0.978125 0.4878472222222222
5 0.9166666666666666 0.5164930555555556 0.11875 0.171875
8 0.5015625 0.8958333333333334 0.9989583333333333 0.21180555555555555
8 0.5171875 0.6848958333333334 0.19479166666666667 0.2065972222222222
8 0.7869791666666667 0.71875 0.3302083333333333 0.1284722222222222
