0 0.33489583333333334 0.5980902777777778 0.16145833333333334 0.2309027777777778
0 0.7807291666666667 0.6744791666666666 0.421875 0.3107638888888889
3 0.47552083333333334 0.5546875 0.034375 0.10590277777777778
3 0.634375 0.6510416666666666 0.1 0.40625
4 0.059895833333333336 0.3654513888888889 0.115625 0.2760416666666667
5 0.14895833333333333 0.625 0.29583333333333334 0.20833333333333334
6 0.15416666666666667 0.2664930555555556 0.18541666666666667 0.515625
6 0.5833333333333334 0.3229166666666667 0.23125 0.34375
6 0.81875 0.2569444444444444 0.3458333333333333 0.4791666666666667
6 0.3640625 0.2934027777777778 0.20729166666666668 0.4166666666666667
8 0.5026041666666666 0.890625 0.996875 0.1909722222222222
8 0.4869791666666667 0.6753472222222222 0.17395833333333333 0.2048611111111111
