0 0.3390625 0.6006944444444444 0.15104166666666666 0.22569444444444445
0 0.6848958333333334 0.578125 0.153125 0.16319444444444445
1 0.45729166666666665 0.5607638888888888 0.01875 0.041666666666666664
2 0.5192708333333333 0.5737847222222222 0.026041666666666668 0.07465277777777778
3 0.5171875 0.5321180555555556 0.028125 0.0642361111111111
3 0.4484375 0.5251736111111112 0.078125 0.06076388888888889
3 0.9067708333333333 0.5963541666666666 0.04895833333333333 0.1857638888888889
5 0.1453125 0.5963541666666666 0.28854166666666664 0.2829861111111111
5 0.7953125 0.6119791666666666 0.11979166666666667 0.06076388888888889
6 0.5010416666666667 0.2907986111111111 1.0 0.578125
6 0.9223958333333333 0.5529513888888888 0.15729166666666666 0.21006944444444445
8 0.5015625 0.8932291666666666 0.9989583333333333 0.2170138888888889
8 0.6963541666666667 0.71875 0.596875 0.11458333333333333
8 0.5151041666666667 0.6006944444444444 0.178125 0.10416666666666667
