2 0.40260416666666665 0.5824652777777778 0.03229166666666667 0.078125
4 0.15520833333333334 0.4479166666666667 0.30833333333333335 0.8715277777777778
4 0.8916666666666667 0.3506944444444444 0.21875 0.3784722222222222
5 0.5442708333333334 0.5963541666666666 0.09895833333333333 0.10243055555555555
5 0.875 0.7170138888888888 0.2520833333333333 0.2152777777777778
5 0.45625 0.5668402777777778 0.052083333333333336 0.036458333333333336
3 0.3880208333333333 0.5425347222222222 0.08229166666666667 0.0920138888888889
3 0.6208333333333333 0.6163194444444444 0.06875 0.3125
3 0.66875 0.6501736111111112 0.07708333333333334 0.3802083333333333
3 0.7145833333333333 0.6319444444444444 0.05416666666666667 0.2604166666666667
8 0.4828125 0.7708333333333334 0.3260416666666667 0.4618055555555556
8 0.8265625 0.8420138888888888 0.3489583333333333 0.3194444444444444
6 0.659375 0.2803819444444444 0.6833333333333333 0.5503472222222222
9 0.07291666666666667 0.4288194444444444 0.09791666666666667 0.2881944444444444
