4 0.1578125 0.4322916666666667 0.31354166666666666 0.8576388888888888
4 0.8916666666666667 0.3697916666666667 0.21875 0.3090277777777778
5 0.23333333333333334 0.7855902777777778 0.24791666666666667 0.4322916666666667
5 0.8630208333333333 0.6892361111111112 0.2760416666666667 0.18055555555555555
5 0.5614583333333333 0.5928819444444444 0.08125 0.0954861111111111
3 0.3536458333333333 0.5407986111111112 0.036458333333333336 0.10243055555555555
3 0.3828125 0.5607638888888888 0.04895833333333333 0.1388888888888889
3 0.43385416666666665 0.5598958333333334 0.04479166666666667 0.1267361111111111
3 0.4786458333333333 0.5668402777777778 0.036458333333333336 0.13368055555555555
3 0.5208333333333334 0.5590277777777778 0.041666666666666664 0.1284722222222222
3 0.6260416666666667 0.6119791666666666 0.06666666666666667 0.2725694444444444
3 0.6859375 0.6258680555555556 0.05520833333333333 0.234375
8 0.4703125 0.7604166666666666 0.296875 0.4826388888888889
8 0.8052083333333333 0.8359375 0.3854166666666667 0.3177083333333333
6 0.6572916666666667 0.2743055555555556 0.6875 0.53125
9 0.0703125 0.4340277777777778 0.065625 0.2673611111111111
