0 0.3411458333333333 0.5920138888888888 0.14479166666666668 0.2222222222222222
0 0.6859375 0.5694444444444444 0.153125 0.1388888888888889
3 0.5020833333333333 0.5503472222222222 0.0375 0.1388888888888889
3 0.55 0.5633680555555556 0.029166666666666667 0.140625
3 0.43385416666666665 0.5286458333333334 0.078125 0.06770833333333333
5 0.14895833333333333 0.6119791666666666 0.28541666666666665 0.2586805555555556
5 0.7885416666666667 0.6119791666666666 0.10625 0.050347222222222224
6 0.503125 0.2578125 0.9958333333333333 0.5052083333333334
6 0.9213541666666667 0.5182291666666666 0.159375 0.171875
8 0.5041666666666667 0.8993055555555556 0.99375 0.2048611111111111
8 0.5057291666666667 0.6822916666666666 0.20104166666666667 0.20833333333333334
8 0.809375 0.7274305555555556 0.38333333333333336 0.1527777777777778
