2 0.6447916666666667 0.7230902777777778 0.075 0.21006944444444445
3 0.4244791666666667 0.6128472222222222 0.06354166666666666 0.2847222222222222
3 0.4640625 0.5894097222222222 0.06145833333333333 0.22395833333333334
3 0.36302083333333335 0.5347222222222222 0.05520833333333333 0.0763888888888889
3 0.65625 0.6423611111111112 0.07916666666666666 0.3645833333333333
3 0.8119791666666667 0.6675347222222222 0.08645833333333333 0.359375
4 0.15052083333333333 0.3767361111111111 0.29270833333333335 0.7361111111111112
5 0.22447916666666667 0.7994791666666666 0.23854166666666668 0.4045138888888889
5 0.7385416666666667 0.6519097222222222 0.07291666666666667 0.15104166666666666
5 0.9223958333333333 0.7126736111111112 0.15729166666666666 0.1684027777777778
5 0.5609375 0.6006944444444444 0.121875 0.09027777777777778
6 0.653125 0.2890625 0.6958333333333333 0.5572916666666666
8 0.48802083333333335 0.7907986111111112 0.321875 0.421875
8 0.8296875 0.8567708333333334 0.34270833333333334 0.2899305555555556
9 0.07916666666666666 0.4453125 0.08541666666666667 0.3211805555555556
