0 0.3338541666666667 0.5885416666666666 0.15104166666666666 0.2152777777777778
0 0.6802083333333333 0.5833333333333334 0.13958333333333334 0.1527777777777778
3 0.47604166666666664 0.5477430555555556 0.12083333333333333 0.078125
3 0.7838541666666666 0.5928819444444444 0.065625 0.22743055555555555
5 0.146875 0.6163194444444444 0.2875 0.22916666666666666
5 0.5567708333333333 0.5642361111111112 0.059375 0.04513888888888889
6 0.5020833333333333 0.2612847222222222 0.9979166666666667 0.4982638888888889
6 0.9234375 0.5407986111111112 0.15520833333333334 0.19270833333333334
8 0.5057291666666667 0.8923611111111112 0.990625 0.21875
8 0.5083333333333333 0.6788194444444444 0.20208333333333334 0.1840277777777778
8 0.809375 0.7256944444444444 0.38333333333333336 0.10416666666666667
