0 0.33645833333333336 0.5859375 0.13541666666666666 0.1996527777777778
0 0.6859375 0.5737847222222222 0.153125 0.1545138888888889
1 0.478125 0.8072916666666666 0.28125 0.3854166666666667
3 0.4375 0.5269097222222222 0.05625 0.046875
3 0.5359375 0.6675347222222222 0.13229166666666667 0.4253472222222222
3 0.7927083333333333 0.6206597222222222 0.04375 0.1579861111111111
5 0.14947916666666666 0.6345486111111112 0.2947916666666667 0.2204861111111111
5 0.05677083333333333 0.484375 0.109375 0.09027777777777778
5 0.7520833333333333 0.6189236111111112 0.029166666666666667 0.057291666666666664
6 0.5010416666666667 0.2586805555555556 1.0 0.4965277777777778
6 0.9260416666666667 0.5668402777777778 0.15 0.18229166666666666
8 0.503125 0.90625 0.9958333333333333 0.1909722222222222
8 0.79375 0.7291666666666666 0.41458333333333336 0.15625
