2 0.3848958333333333 0.5703125 0.046875 0.06770833333333333
4 0.15677083333333333 0.4348958333333333 0.31145833333333334 0.8489583333333334
4 0.8916666666666667 0.3776041666666667 0.21875 0.3177083333333333
5 0.2234375 0.7881944444444444 0.2552083333333333 0.4270833333333333
5 0.8713541666666667 0.6875 0.259375 0.22569444444444445
5 0.6916666666666667 0.6571180555555556 0.07291666666666667 0.11631944444444445
5 0.59375 0.6128472222222222 0.05 0.11458333333333333
3 0.4791666666666667 0.5598958333333334 0.03125 0.10243055555555555
3 0.4427083333333333 0.5659722222222222 0.04791666666666667 0.16319444444444445
3 0.3671875 0.5321180555555556 0.06145833333333333 0.09895833333333333
3 0.6411458333333333 0.6024305555555556 0.057291666666666664 0.2013888888888889
3 0.5411458333333333 0.5911458333333334 0.06145833333333333 0.2170138888888889
8 0.46822916666666664 0.7664930555555556 0.2947916666666667 0.4704861111111111
8 0.80625 0.8446180555555556 0.38333333333333336 0.3003472222222222
6 0.6614583333333334 0.2934027777777778 0.6791666666666667 0.5833333333333334
9 0.07135416666666666 0.4340277777777778 0.05520833333333333 0.2777777777777778
