0 0.3333333333333333 0.6006944444444444 0.16458333333333333 0.24305555555555555
0 0.6828125 0.5833333333333334 0.15729166666666666 0.17708333333333334
0 0.9255208333333333 0.7170138888888888 0.15104166666666666 0.2708333333333333
3 0.4921875 0.5651041666666666 0.051041666666666666 0.1579861111111111
3 0.6432291666666666 0.5911458333333334 0.057291666666666664 0.234375
3 0.7947916666666667 0.6232638888888888 0.05 0.14583333333333334
5 0.1515625 0.6336805555555556 0.303125 0.2152777777777778
5 0.47239583333333335 0.5182291666666666 0.08020833333333334 0.07118055555555555
5 0.578125 0.5598958333333334 0.052083333333333336 0.0954861111111111
6 0.1375 0.2942708333333333 0.21875 0.578125
6 0.8260416666666667 0.2994791666666667 0.35 0.5815972222222222
6 0.8723958333333334 0.5416666666666666 0.03854166666666667 0.21180555555555555
6 0.9270833333333334 0.5451388888888888 0.04791666666666667 0.1840277777777778
6 0.9838541666666667 0.5581597222222222 0.034375 0.203125
6 0.5984375 0.3298611111111111 0.2635416666666667 0.3784722222222222
6 0.3640625 0.2708333333333333 0.221875 0.4375
8 0.5005208333333333 0.90625 0.9989583333333333 0.1909722222222222
8 0.6151041666666667 0.7161458333333334 0.446875 0.14756944444444445
8 0.47291666666666665 0.5980902777777778 0.10208333333333333 0.07465277777777778
