0 0.32760416666666664 0.5868055555555556 0.13854166666666667 0.23958333333333334
0 0.5447916666666667 0.5833333333333334 0.14791666666666667 0.16666666666666666
0 0.6916666666666667 0.5763888888888888 0.12708333333333333 0.16319444444444445
3 0.43802083333333336 0.5980902777777778 0.06770833333333333 0.19618055555555555
3 0.7921875 0.6232638888888888 0.04479166666666667 0.14583333333333334
5 0.1421875 0.6302083333333334 0.28854166666666664 0.2326388888888889
6 0.5026041666666666 0.24739583333333334 0.996875 0.4878472222222222
6 0.9270833333333334 0.5390625 0.14791666666666667 0.17881944444444445
8 0.5041666666666667 0.9027777777777778 0.99375 0.19791666666666666
8 0.6885416666666667 0.7369791666666666 0.6020833333333333 0.140625
