0 0.3338541666666667 0.5972222222222222 0.15520833333333334 0.22916666666666666
0 0.6802083333333333 0.5807291666666666 0.15 0.16145833333333334
3 0.5072916666666667 0.5425347222222222 0.04583333333333333 0.0954861111111111
3 0.41041666666666665 0.5138888888888888 0.07291666666666667 0.04513888888888889
3 0.7916666666666666 0.6180555555555556 0.03958333333333333 0.14930555555555555
4 0.046875 0.3515625 0.08541666666666667 0.2517361111111111
5 0.1453125 0.6171875 0.28854166666666664 0.234375
5 0.8567708333333334 0.6128472222222222 0.06354166666666666 0.0625
5 0.5734375 0.5520833333333334 0.04895833333333333 0.052083333333333336
6 0.140625 0.2404513888888889 0.15416666666666667 0.4635416666666667
6 0.8208333333333333 0.2586805555555556 0.36041666666666666 0.4965277777777778
6 0.8645833333333334 0.5477430555555556 0.04791666666666667 0.16493055555555555
6 0.9223958333333333 0.5651041666666666 0.04479166666666667 0.1892361111111111
6 0.9796875 0.5633680555555556 0.042708333333333334 0.18229166666666666
6 0.5994791666666667 0.3342013888888889 0.21979166666666666 0.2760416666666667
6 0.35520833333333335 0.2638888888888889 0.2520833333333333 0.4513888888888889
8 0.5015625 0.9036458333333334 0.9989583333333333 0.19618055555555555
8 0.5098958333333333 0.7126736111111112 0.18229166666666666 0.3246527777777778
8 0.80625 0.7786458333333334 0.38958333333333334 0.203125
