0 0.3265625 0.5980902777777778 0.16145833333333334 0.2309027777777778
0 0.6802083333333333 0.5807291666666666 0.15625 0.16145833333333334
0 0.49947916666666664 0.5694444444444444 0.08854166666666667 0.09722222222222222
3 0.4427083333333333 0.5373263888888888 0.01875 0.07118055555555555
3 0.7875 0.6197916666666666 0.03958333333333333 0.1388888888888889
4 0.059895833333333336 0.3680555555555556 0.11979166666666667 0.2916666666666667
5 0.14739583333333334 0.6354166666666666 0.28854166666666664 0.21180555555555555
5 0.8432291666666667 0.6137152777777778 0.053125 0.057291666666666664
5 0.5786458333333333 0.5598958333333334 0.05520833333333333 0.06076388888888889
6 0.13125 0.2560763888888889 0.15833333333333333 0.5017361111111112
6 0.5697916666666667 0.3055555555555556 0.2125 0.3541666666666667
6 0.8223958333333333 0.2569444444444444 0.3489583333333333 0.4930555555555556
6 0.8708333333333333 0.5460069444444444 0.0375 0.171875
6 0.9244791666666666 0.5625 0.04479166666666667 0.1701388888888889
6 0.9807291666666667 0.5677083333333334 0.040625 0.19444444444444445
6 0.3385416666666667 0.2690972222222222 0.23541666666666666 0.3923611111111111
8 0.5036458333333333 0.9097222222222222 0.9947916666666666 0.1840277777777778
8 0.6015625 0.7951388888888888 0.346875 0.4131944444444444
