0 0.32760416666666664 0.6006944444444444 0.15520833333333334 0.2361111111111111
0 0.5421875 0.5850694444444444 0.13645833333333332 0.1527777777777778
0 0.690625 0.5772569444444444 0.14166666666666666 0.1545138888888889
3 0.44635416666666666 0.6102430555555556 0.06354166666666666 0.2378472222222222
3 0.79375 0.6258680555555556 0.05625 0.15104166666666666
5 0.1390625 0.6180555555555556 0.25729166666666664 0.24305555555555555
6 0.5010416666666667 0.25 1.0 0.4791666666666667
6 0.9260416666666667 0.5338541666666666 0.15 0.1579861111111111
8 0.5010416666666667 0.8975694444444444 1.0 0.20833333333333334
8 0.6958333333333333 0.7317708333333334 0.6083333333333333 0.11284722222222222
