0 0.3260416666666667 0.5885416666666666 0.15833333333333333 0.2326388888888889
0 0.6807291666666667 0.5763888888888888 0.14479166666666668 0.16319444444444445
3 0.9723958333333333 0.6822916666666666 0.057291666666666664 0.5243055555555556
3 0.43697916666666664 0.5251736111111112 0.06354166666666666 0.046875
5 0.7953125 0.6111111111111112 0.13645833333333332 0.06597222222222222
5 0.13802083333333334 0.6067708333333334 0.265625 0.2795138888888889
5 0.5354166666666667 0.5633680555555556 0.0875 0.050347222222222224
6 0.5005208333333333 0.24739583333333334 1.0 0.4774305555555556
8 0.5041666666666667 0.8984375 0.99375 0.2065972222222222
8 0.6322916666666667 0.7387152777777778 0.6604166666666667 0.10243055555555555
8 0.509375 0.609375 0.1625 0.12152777777777778
