2 0.5151041666666667 0.6319444444444444 0.11354166666666667 0.1840277777777778
4 0.15 0.4244791666666667 0.3 0.8420138888888888
4 0.89375 0.3854166666666667 0.20833333333333334 0.2604166666666667
5 0.24895833333333334 0.796875 0.23958333333333334 0.4097222222222222
5 0.8411458333333334 0.6970486111111112 0.31979166666666664 0.2170138888888889
5 0.4348958333333333 0.5607638888888888 0.065625 0.06597222222222222
3 0.36770833333333336 0.5338541666666666 0.029166666666666667 0.078125
3 0.40260416666666665 0.5434027777777778 0.023958333333333335 0.08333333333333333
3 0.46927083333333336 0.5503472222222222 0.040625 0.1076388888888889
3 0.5296875 0.6119791666666666 0.06979166666666667 0.2482638888888889
3 0.634375 0.6293402777777778 0.06666666666666667 0.328125
3 0.7609375 0.6475694444444444 0.08645833333333333 0.3263888888888889
8 0.46197916666666666 0.7838541666666666 0.31979166666666664 0.4288194444444444
8 0.8151041666666666 0.8307291666666666 0.371875 0.3420138888888889
6 0.6552083333333333 0.3090277777777778 0.6916666666666667 0.6006944444444444
9 0.06458333333333334 0.4322916666666667 0.07083333333333333 0.2638888888888889
