0 0.3375 0.6015625 0.14583333333333334 0.2204861111111111
0 0.6833333333333333 0.5772569444444444 0.14375 0.16145833333333334
3 0.471875 0.5538194444444444 0.041666666666666664 0.11805555555555555
3 0.425 0.5277777777777778 0.027083333333333334 0.041666666666666664
3 0.66875 0.6241319444444444 0.06666666666666667 0.3177083333333333
3 0.8734375 0.703125 0.10104166666666667 0.5069444444444444
3 0.9682291666666667 0.6631944444444444 0.065625 0.4965277777777778
3 0.7927083333333333 0.6189236111111112 0.052083333333333336 0.15104166666666666
5 0.15416666666666667 0.5894097222222222 0.29791666666666666 0.3142361111111111
6 0.24375 0.2482638888888889 0.48333333333333334 0.4722222222222222
6 0.575 0.2795138888888889 0.16458333333333333 0.5347222222222222
6 0.834375 0.2222222222222222 0.3333333333333333 0.4270833333333333
8 0.5260416666666666 0.9045138888888888 0.95 0.19444444444444445
8 0.5296875 0.7890625 0.21354166666666666 0.4253472222222222
8 0.8291666666666667 0.8420138888888888 0.34375 0.3194444444444444
