0 0.3359375 0.5998263888888888 0.146875 0.234375
0 0.6864583333333333 0.5789930555555556 0.14166666666666666 0.1579861111111111
3 0.7947916666666667 0.625 0.041666666666666664 0.1527777777777778
3 0.6010416666666667 0.5685763888888888 0.01875 0.08506944444444445
3 0.44166666666666665 0.5399305555555556 0.05625 0.0625
4 0.057291666666666664 0.3550347222222222 0.11041666666666666 0.2552083333333333
5 0.14791666666666667 0.6267361111111112 0.28541666666666665 0.21875
5 0.5515625 0.5546875 0.08645833333333333 0.057291666666666664
5 0.8411458333333334 0.6189236111111112 0.051041666666666666 0.050347222222222224
6 0.14010416666666667 0.2647569444444444 0.16145833333333334 0.5121527777777778
6 0.5739583333333333 0.3472222222222222 0.175 0.2881944444444444
6 0.8244791666666667 0.2638888888888889 0.353125 0.5069444444444444
6 0.8713541666666667 0.5381944444444444 0.046875 0.1875
6 0.9197916666666667 0.5364583333333334 0.052083333333333336 0.16666666666666666
6 0.9796875 0.546875 0.042708333333333334 0.1875
6 0.42083333333333334 0.2569444444444444 0.37916666666666665 0.4791666666666667
8 0.5015625 0.8975694444444444 0.9989583333333333 0.20833333333333334
8 0.5255208333333333 0.7925347222222222 0.203125 0.4184027777777778
8 0.8177083333333334 0.8368055555555556 0.36666666666666664 0.3298611111111111
