2 0.5520833333333334 0.6579861111111112 0.11041666666666666 0.1701388888888889
4 0.1578125 0.4366319444444444 0.31145833333333334 0.8559027777777778
4 0.8932291666666666 0.3663194444444444 0.215625 0.2847222222222222
5 0.21979166666666666 0.7760416666666666 0.2604166666666667 0.4513888888888889
5 0.4390625 0.5625 0.084375 0.0763888888888889
5 0.61875 0.6189236111111112 0.04375 0.140625
5 0.85 0.6944444444444444 0.3020833333333333 0.21875
3 0.36822916666666666 0.5373263888888888 0.042708333333333334 0.07465277777777778
3 0.48854166666666665 0.5625 0.035416666666666666 0.1423611111111111
3 0.5578125 0.6119791666666666 0.071875 0.2795138888888889
3 0.6645833333333333 0.6371527777777778 0.11041666666666666 0.3333333333333333
3 0.7979166666666667 0.6614583333333334 0.08125 0.3472222222222222
8 0.4734375 0.7595486111111112 0.29270833333333335 0.4565972222222222
8 0.8140625 0.8515625 0.37395833333333334 0.3003472222222222
6 0.6489583333333333 0.2881944444444444 0.7041666666666667 0.5729166666666666
9 0.07083333333333333 0.4418402777777778 0.06875 0.2552083333333333
