0 0.325 0.5911458333333334 0.16458333333333333 0.24131944444444445
0 0.6776041666666667 0.5720486111111112 0.12604166666666666 0.1440972222222222
3 0.5119791666666667 0.6449652777777778 0.08229166666666667 0.4010416666666667
3 0.578125 0.5772569444444444 0.04583333333333333 0.1753472222222222
3 0.6666666666666666 0.6015625 0.05625 0.234375
3 0.815625 0.6953125 0.07708333333333334 0.4704861111111111
3 0.7505208333333333 0.5963541666666666 0.04479166666666667 0.2586805555555556
3 0.42135416666666664 0.5225694444444444 0.06979166666666667 0.06597222222222222
4 0.0546875 0.3402777777777778 0.10520833333333333 0.2638888888888889
5 0.14270833333333333 0.6362847222222222 0.2708333333333333 0.2378472222222222
6 0.14375 0.2612847222222222 0.17083333333333334 0.5052083333333334
6 0.6197916666666666 0.2508680555555556 0.7625 0.4704861111111111
6 0.978125 0.5850694444444444 0.04583333333333333 0.2916666666666667
6 0.9223958333333333 0.5555555555555556 0.053125 0.2048611111111111
6 0.8651041666666667 0.5746527777777778 0.03229166666666667 0.22916666666666666
8 0.5026041666666666 0.9010416666666666 0.996875 0.2013888888888889
8 0.6520833333333333 0.6987847222222222 0.4375 0.2170138888888889
