4 0.15520833333333334 0.4401041666666667 0.30833333333333335 0.8628472222222222
4 0.8932291666666666 0.3697916666666667 0.215625 0.2604166666666667
5 0.22760416666666666 0.78125 0.23645833333333333 0.4409722222222222
5 0.8291020833333334 0.672781076388889 0.34270833333333334 0.1996527777777778
5 0.5005208333333333 0.5763888888888888 0.16145833333333334 0.10416666666666667
3 0.38385416666666666 0.5399305555555556 0.08020833333333334 0.09027777777777778
3 0.6747301041666667 0.6039322916666667 0.065625 0.2238315972222222
8 0.4817708333333333 0.7760416666666666 0.31354166666666666 0.4513888888888889
8 0.8119791666666667 0.8541666666666666 0.3614583333333333 0.28125
6 0.6557291666666667 0.2803819444444444 0.690625 0.5434027777777778
9 0.0671875 0.4340277777777778 0.08020833333333334 0.2673611111111111
