4 0.15364583333333334 0.4557291666666667 0.30520833333333336 0.9045138888888888
4 0.8885416666666667 0.3472222222222222 0.225 0.3055555555555556
5 0.22864583333333333 0.7760416666666666 0.24270833333333333 0.4513888888888889
5 0.6041666666666666 0.6032986111111112 0.23125 0.15104166666666666
5 0.8015625 0.6449652777777778 0.13229166666666667 0.16145833333333334
3 0.3776041666666667 0.5286458333333334 0.06770833333333333 0.0642361111111111
3 0.459375 0.5563982638888889 0.075 0.1579861111111111
3 0.8746654166666666 0.7024977430555555 0.25235708333333334 0.5961704861111111
1 0.7831166666666667 0.8585069444444444 0.4342229166666666 0.2864583333333333
8 0.48072916666666665 0.7699652777777778 0.31979166666666664 0.4635416666666667
8 0.7609527083333333 0.8539258680555556 0.26142791666666665 0.29562048611111114
6 0.6520833333333333 0.2864583333333333 0.6916666666666667 0.5520833333333334
9 0.06875 0.4288194444444444 0.075 0.2673611111111111
