0 0.3333333333333333 0.5954861111111112 0.14791666666666667 0.21180555555555555
0 0.6786458333333333 0.5711805555555556 0.146875 0.14930555555555555
3 0.4552083333333333 0.5338541666666666 0.07916666666666666 0.078125
3 0.7942708333333334 0.6276041666666666 0.046875 0.1579861111111111
5 0.1484375 0.6006944444444444 0.29270833333333335 0.2569444444444444
5 0.540625 0.5572916666666666 0.08958333333333333 0.052083333333333336
5 0.7505208333333333 0.6085069444444444 0.040625 0.043402777777777776
5 0.8385416666666666 0.6154513888888888 0.03125 0.046875
6 0.5 0.2534722222222222 1.0 0.4965277777777778
6 0.9239583333333333 0.5269097222222222 0.15416666666666667 0.1579861111111111
8 0.5036458333333333 0.8923611111111112 0.9947916666666666 0.21875
8 0.5135416666666667 0.6684027777777778 0.18541666666666667 0.2048611111111111
8 0.8078125 0.7204861111111112 0.38645833333333335 0.125
