0 0.33697916666666666 0.5963541666666666 0.15729166666666666 0.234375
0 0.6854166666666667 0.5746527777777778 0.14583333333333334 0.1423611111111111
3 0.43385416666666665 0.5442708333333334 0.021875 0.08854166666666667
3 0.46145833333333336 0.5538194444444444 0.041666666666666664 0.09375
3 0.5192708333333333 0.5477430555555556 0.059375 0.10243055555555555
3 0.5614583333333333 0.5581597222222222 0.035416666666666666 0.1579861111111111
3 0.6010416666666667 0.5555555555555556 0.035416666666666666 0.13194444444444445
3 0.9713541666666666 0.6232638888888888 0.057291666666666664 0.2534722222222222
5 0.153125 0.6232638888888888 0.2916666666666667 0.2326388888888889
5 0.7963541666666667 0.6067708333333334 0.11979166666666667 0.05381944444444445
6 0.5015625 0.2604166666666667 0.9989583333333333 0.5104166666666666
6 0.9223958333333333 0.5546875 0.15729166666666666 0.18229166666666666
8 0.5015625 0.8932291666666666 0.9989583333333333 0.2170138888888889
8 0.6916666666666667 0.7135416666666666 0.5958333333333333 0.11805555555555555
8 0.5020833333333333 0.5824652777777778 0.15208333333333332 0.109375
