0 0.3359375 0.5954861111111112 0.146875 0.2152777777777778
0 0.6838541666666667 0.5772569444444444 0.153125 0.15104166666666666
3 0.44375 0.5381944444444444 0.052083333333333336 0.10416666666666667
3 0.7895833333333333 0.6154513888888888 0.05 0.14756944444444445
5 0.14947916666666666 0.6189236111111112 0.2947916666666667 0.2065972222222222
5 0.0515625 0.4774305555555556 0.09895833333333333 0.0625
5 0.54375 0.5572916666666666 0.07291666666666667 0.05555555555555555
5 0.8390625 0.6189236111111112 0.034375 0.050347222222222224
5 0.7552083333333334 0.6145833333333334 0.05 0.04861111111111111
6 0.503125 0.2578125 0.9958333333333333 0.5052083333333334
6 0.9260416666666667 0.5442708333333334 0.15 0.1857638888888889
8 0.5036458333333333 0.8958333333333334 0.9947916666666666 0.21180555555555555
8 0.5052083333333334 0.6779513888888888 0.21041666666666667 0.1996527777777778
8 0.809375 0.7213541666666666 0.38333333333333336 0.11284722222222222
