4 0.15364583333333334 0.4557291666666667 0.30520833333333336 0.9045138888888888
4 0.9039613541666667 0.3472222222222222 0.194160625 0.3055555555555556
5 0.22864583333333333 0.7760416666666666 0.24270833333333333 0.4513888888888889
5 0.6041666666666666 0.6032986111111112 0.23125 0.15104166666666666
5 0.8015625 0.6449652777777778 0.13229166666666667 0.16145833333333334
3 0.3840746875 0.5286458333333334 0.080649375 0.0642361111111111
3 0.46839265625 0.5515321180555556 0.09303531250000001 0.16771840277777778
3 0.7854775 0.7021555555555555 0.2520833333333333 0.5954861111111112
1 0.7483653125 0.8585069444444444 0.5019464583333334 0.2864583333333333
8 0.4996236458333333 0.7699652777777778 0.357580625 0.4635416666666667
6 0.6520833333333333 0.2864583333333333 0.6916666666666667 0.5520833333333334
9 0.06875 0.4288194444444444 0.075 0.2673611111111111
