0 0.3359375 0.5850694444444444 0.15104166666666666 0.2222222222222222
0 0.6859375 0.578125 0.16145833333333334 0.1527777777777778
0 0.4453125 0.546875 0.053125 0.06944444444444445
3 0.5479166666666667 0.6475694444444444 0.08333333333333333 0.375
3 0.49166666666666664 0.5390625 0.020833333333333332 0.07465277777777778
3 0.7921875 0.6232638888888888 0.04479166666666667 0.1701388888888889
5 0.14479166666666668 0.609375 0.27291666666666664 0.23958333333333334
6 0.5010416666666667 0.24739583333333334 1.0 0.484375
6 0.9270833333333334 0.5303819444444444 0.14791666666666667 0.19618055555555555
6 0.7223958333333333 0.4739583333333333 0.08854166666666667 0.10416666666666667
8 0.5015625 0.8958333333333334 0.9989583333333333 0.21180555555555555
8 0.5052083333333334 0.6675347222222222 0.2 0.2378472222222222
8 0.8083333333333333 0.7647569444444444 0.3854166666666667 0.19618055555555555
