0 0.32760416666666664 0.5894097222222222 0.153125 0.21006944444444445
0 0.6901041666666666 0.5633680555555556 0.14479166666666668 0.13368055555555555
3 0.45625 0.6223958333333334 0.05625 0.3003472222222222
3 0.5442708333333334 0.6171875 0.057291666666666664 0.328125
3 0.6072916666666667 0.5607638888888888 0.035416666666666666 0.16319444444444445
3 0.6640625 0.5842013888888888 0.034375 0.1996527777777778
3 0.7895833333333333 0.6276041666666666 0.035416666666666666 0.16145833333333334
4 0.05520833333333333 0.3376736111111111 0.09583333333333334 0.2309027777777778
5 0.14114583333333333 0.5894097222222222 0.28229166666666666 0.2829861111111111
6 0.14635416666666667 0.23697916666666666 0.16354166666666667 0.4496527777777778
6 0.6197916666666666 0.2534722222222222 0.7625 0.4826388888888889
6 0.8661458333333333 0.5538194444444444 0.051041666666666666 0.19791666666666666
6 0.9171875 0.5572916666666666 0.04895833333333333 0.2013888888888889
6 0.978125 0.5625 0.04583333333333333 0.2152777777777778
8 0.503125 0.9027777777777778 0.9958333333333333 0.19791666666666666
8 0.6791666666666667 0.7274305555555556 0.60625 0.12152777777777778
