0 0.32760416666666664 0.5928819444444444 0.165625 0.2309027777777778
0 0.6848958333333334 0.5746527777777778 0.14479166666666668 0.14930555555555555
0 0.46822916666666664 0.5460069444444444 0.065625 0.07465277777777778
3 0.41302083333333334 0.5243055555555556 0.019791666666666666 0.034722222222222224
3 0.6015625 0.5677083333333334 0.017708333333333333 0.06944444444444445
3 0.7859375 0.6206597222222222 0.040625 0.1440972222222222
4 0.058333333333333334 0.3289930555555556 0.1125 0.265625
5 0.15052083333333333 0.609375 0.28854166666666664 0.23958333333333334
5 0.058333333333333334 0.6085069444444444 0.00625 0.012152777777777778
5 0.840625 0.6128472222222222 0.04583333333333333 0.059027777777777776
5 0.5666666666666667 0.5607638888888888 0.06041666666666667 0.06944444444444445
6 0.13125 0.23524305555555555 0.16458333333333333 0.4635416666666667
6 0.5697916666666667 0.3420138888888889 0.2 0.2847222222222222
6 0.8078125 0.2612847222222222 0.3260416666666667 0.5017361111111112
6 0.8697916666666666 0.5503472222222222 0.04791666666666667 0.1875
6 0.925 0.5625 0.035416666666666666 0.19444444444444445
6 0.9770833333333333 0.5763888888888888 0.04791666666666667 0.21180555555555555
6 0.3375 0.2647569444444444 0.22916666666666666 0.390625
8 0.5 0.9027777777777778 1.0 0.19791666666666666
8 0.5203125 0.7829861111111112 0.19270833333333334 0.4375
8 0.8125 0.8333333333333334 0.3770833333333333 0.3368055555555556
