0 0.48020833333333335 0.5564236111111112 0.07916666666666666 0.07465277777777778
0 0.6875 0.5711805555555556 0.14166666666666666 0.1527777777777778
0 0.3307291666666667 0.5998263888888888 0.15729166666666666 0.234375
3 0.6015625 0.5677083333333334 0.017708333333333333 0.052083333333333336
3 0.7869791666666667 0.6189236111111112 0.04479166666666667 0.16493055555555555
3 0.43333333333333335 0.5399305555555556 0.025 0.0625
4 0.059895833333333336 0.3541666666666667 0.109375 0.2743055555555556
5 0.15572916666666667 0.6354166666666666 0.30520833333333336 0.20833333333333334
5 0.5692708333333333 0.546875 0.06145833333333333 0.0763888888888889
5 0.8411458333333334 0.6276041666666666 0.051041666666666666 0.07465277777777778
6 0.16302083333333334 0.2638888888888889 0.20104166666666667 0.5069444444444444
6 0.56875 0.3229166666666667 0.21041666666666667 0.3229166666666667
6 0.8177083333333334 0.2578125 0.36666666666666664 0.5086805555555556
6 0.8677083333333333 0.5494791666666666 0.04791666666666667 0.1892361111111111
6 0.921875 0.5685763888888888 0.041666666666666664 0.19270833333333334
6 0.9770833333333333 0.5711805555555556 0.04791666666666667 0.2013888888888889
6 0.35885416666666664 0.28125 0.178125 0.3680555555555556
8 0.5036458333333333 0.9010416666666666 0.9947916666666666 0.2013888888888889
8 0.5359375 0.7873263888888888 0.22395833333333334 0.3975694444444444
8 0.8145833333333333 0.8368055555555556 0.30625 0.3298611111111111
