2 0.43733791666666666 0.6239584201388888 0.06666666666666667 0.1407407986111111
4 0.28802083333333334 0.4175347222222222 0.30520833333333336 0.296875
4 0.5751967708333333 0.40625 0.203125 0.2881944444444444
4 0.7552083333333334 0.17274305555555555 0.12083333333333333 0.21006944444444445
5 0.2203125 0.5703125 0.31979166666666664 0.08159722222222222
5 0.85 0.7335069444444444 0.3020833333333333 0.5364583333333334
5 0.46458333333333335 0.4678819444444444 0.12708333333333333 0.1753472222222222
5 0.6979166666666666 0.5164930555555556 0.15208333333333332 0.3246527777777778
0 0.5881829166666667 0.548206076388889 0.057291666666666664 0.09895833333333333
3 0.4471875 0.5478973958333334 0.065625 0.16145833333333334
1 0.6182291666666667 0.7717013888888888 0.16770833333333332 0.4322916666666667
8 0.41822916666666665 0.8480902777777778 0.834375 0.3072916666666667
8 0.50625 0.6223958333333334 0.2520833333333333 0.13368055555555555
7 0.5869791666666667 0.4140625 0.090625 0.043402777777777776
6 0.5026041666666666 0.2977430555555556 0.996875 0.5920138888888888
9 0.3453125 0.5115741319444445 0.078125 0.09375
