0 0.32760416666666664 0.5868055555555556 0.15520833333333334 0.2152777777777778
3 0.4479166666666667 0.6215277777777778 0.058333333333333334 0.34375
3 0.4942708333333333 0.6232638888888888 0.04479166666666667 0.3402777777777778
3 0.5010416666666667 0.5017361111111112 1.0 1.0
3 0.5505208333333333 0.5659722222222222 0.03854166666666667 0.1423611111111111
3 0.5901041666666667 0.5520833333333334 0.028125 0.13541666666666666
3 0.6447916666666667 0.6354166666666666 0.06666666666666667 0.3645833333333333
3 0.7166666666666667 0.6258680555555556 0.0625 0.328125
3 0.7927083333333333 0.6241319444444444 0.04583333333333333 0.16145833333333334
5 0.14427083333333332 0.6119791666666666 0.27395833333333336 0.2795138888888889
5 0.8484375 0.6067708333333334 0.059375 0.06076388888888889
6 0.1453125 0.2673611111111111 0.18854166666666666 0.5138888888888888
6 0.8479166666666667 0.3064236111111111 0.30625 0.578125
6 0.86875 0.5529513888888888 0.04583333333333333 0.24479166666666666
6 0.9244791666666666 0.5694444444444444 0.057291666666666664 0.1909722222222222
6 0.9802083333333333 0.5451388888888888 0.041666666666666664 0.2152777777777778
6 0.5890625 0.3420138888888889 0.228125 0.3159722222222222
6 0.3619791666666667 0.23524305555555555 0.209375 0.4357638888888889
8 0.5046875 0.9045138888888888 0.9927083333333333 0.19444444444444445
8 0.6578125 0.7387152777777778 0.665625 0.109375
8 0.5463541666666667 0.6944444444444444 0.115625 0.17708333333333334
