0 0.33177083333333335 0.5989583333333334 0.16145833333333334 0.23958333333333334
0 0.6869791666666667 0.5755208333333334 0.13854166666666667 0.1579861111111111
3 0.4817708333333333 0.6701388888888888 0.11354166666666667 0.46875
3 0.590625 0.5876736111111112 0.05 0.21006944444444445
3 0.6859375 0.6137152777777778 0.06354166666666666 0.2586805555555556
3 0.7890625 0.6241319444444444 0.046875 0.2899305555555556
3 0.965625 0.7135416666666666 0.07083333333333333 0.5763888888888888
4 0.06197916666666667 0.3480902777777778 0.121875 0.2690972222222222
5 0.15208333333333332 0.6267361111111112 0.29583333333333334 0.25
6 0.15 0.25 0.18541666666666667 0.4826388888888889
6 0.6192708333333333 0.2404513888888889 0.7260416666666667 0.4635416666666667
8 0.6572916666666667 0.8541666666666666 0.6875 0.2951388888888889
