2 0.6442708333333333 0.6875 0.08854166666666667 0.2708333333333333
3 0.371875 0.5321180555555556 0.08541666666666667 0.07465277777777778
3 0.39166666666666666 0.5538194444444444 0.04791666666666667 0.1388888888888889
3 0.5645833333333333 0.5928819444444444 0.058333333333333334 0.24131944444444445
3 0.6541666666666667 0.6527777777777778 0.09166666666666666 0.3402777777777778
3 0.8145833333333333 0.6701388888888888 0.0875 0.375
4 0.1640625 0.4227430555555556 0.3260416666666667 0.8385416666666666
4 0.890625 0.3489583333333333 0.22083333333333333 0.3159722222222222
5 0.22760416666666666 0.7690972222222222 0.23020833333333332 0.4375
5 0.4890625 0.5807291666666666 0.11979166666666667 0.0954861111111111
5 0.7338541666666667 0.6345486111111112 0.10520833333333333 0.19618055555555555
5 0.9223958333333333 0.7013888888888888 0.15729166666666666 0.24305555555555555
6 0.65 0.3090277777777778 0.7020833333333333 0.59375
8 0.6651041666666667 0.8559027777777778 0.665625 0.2743055555555556
8 0.46875 0.6276041666666666 0.27291666666666664 0.1440972222222222
9 0.08697916666666666 0.4296875 0.10520833333333333 0.2899305555555556
