0 0.3302083333333333 0.5980902777777778 0.16458333333333333 0.2482638888888889
0 0.6908911979166668 0.5769097222222223 0.1515509375 0.16076388888888887
3 0.6015625 0.5625 0.023958333333333335 0.0625
3 0.7880208333333333 0.6180555555555556 0.03854166666666667 0.1527777777777778
4 0.06041666666666667 0.3550347222222222 0.11458333333333333 0.2482638888888889
5 0.15572916666666667 0.6336805555555556 0.296875 0.22916666666666666
5 0.5338541666666666 0.5572916666666666 0.103125 0.07291666666666667
5 0.8520833333333333 0.6276041666666666 0.0625 0.08506944444444445
6 0.1390625 0.2543402777777778 0.171875 0.4913194444444444
6 0.8697916666666666 0.5321180555555556 0.04375 0.1996527777777778
6 0.9203125 0.546875 0.03854166666666667 0.2222222222222222
6 0.975 0.5416666666666666 0.052083333333333336 0.19791666666666666
6 0.5354166666666667 0.3541666666666667 0.14375 0.4340277777777778
6 0.71875 0.4539930555555556 0.09166666666666666 0.0920138888888889
6 0.346875 0.23958333333333334 0.225 0.4548611111111111
6 0.778125 0.2534722222222222 0.39791666666666664 0.4722222222222222
8 0.515625 0.7699652777777778 0.18333333333333332 0.4635416666666667
8 0.8088541666666667 0.8385416666666666 0.384375 0.3263888888888889
8 0.2765625 0.9045138888888888 0.540625 0.19444444444444445
