2 0.5322916666666667 0.6440972222222222 0.10208333333333333 0.16666666666666666
4 0.14791666666666667 0.4192708333333333 0.29375 0.8211805555555556
4 0.8901041666666667 0.3697916666666667 0.221875 0.3020833333333333
5 0.23541666666666666 0.7630208333333334 0.25625 0.4149305555555556
5 0.9015625 0.7039930555555556 0.19895833333333332 0.21006944444444445
5 0.7151041666666667 0.6501736111111112 0.06979166666666667 0.13020833333333334
5 0.5921875 0.6163194444444444 0.06354166666666666 0.1076388888888889
5 0.4359375 0.5625 0.08229166666666667 0.0625
3 0.36770833333333336 0.5338541666666666 0.035416666666666666 0.078125
3 0.48020833333333335 0.5598958333333334 0.03333333333333333 0.140625
3 0.5473958333333333 0.6032986111111112 0.07604166666666666 0.2725694444444444
3 0.6552083333333333 0.6302083333333334 0.07916666666666666 0.3402777777777778
3 0.7682291666666666 0.6536458333333334 0.071875 0.3489583333333333
8 0.45625 0.7682291666666666 0.2916666666666667 0.4600694444444444
8 0.8005208333333333 0.8307291666666666 0.39895833333333336 0.3211805555555556
6 0.653125 0.2743055555555556 0.6958333333333333 0.5381944444444444
9 0.06875 0.4314236111111111 0.06875 0.2482638888888889
