4 0.34972250000000005 0.4835069444444444 0.163055 0.234375
4 0.5338541666666666 0.4461805555555556 0.18020833333333333 0.22916666666666666
4 0.7458333333333333 0.1657986111111111 0.08125 0.234375
5 0.2359375 0.5130208333333334 0.14895833333333333 0.09895833333333333
5 0.3567708333333333 0.5815972222222222 0.115625 0.059027777777777776
5 0.7322916666666667 0.6345486111111112 0.21041666666666667 0.2795138888888889
5 0.8921875 0.7786458333333334 0.21770833333333334 0.4461805555555556
0 0.5895833333333333 0.5451388888888888 0.06666666666666667 0.08680555555555555
3 0.08072916666666667 0.6727430555555556 0.159375 0.6579861111111112
3 0.13541666666666666 0.6284722222222222 0.1 0.3888888888888889
3 0.4973958333333333 0.640625 0.09895833333333333 0.375
1 0.6130208333333333 0.7664930555555556 0.184375 0.4704861111111111
8 0.465625 0.8628472222222222 0.7895833333333333 0.2777777777777778
8 0.4864583333333333 0.6440972222222222 0.35208333333333336 0.13541666666666666
7 0.5770833333333333 0.4114583333333333 0.08333333333333333 0.03819444444444445
6 0.49947916666666664 0.2717013888888889 1.0 0.5364583333333334
9 0.3515625 0.4956597222222222 0.08229166666666667 0.08159722222222222
9 0.7307291666666667 0.20225694444444445 0.05520833333333333 0.11631944444444445
