0 0.3359375 0.5885416666666666 0.159375 0.21180555555555555
0 0.6848958333333334 0.5833333333333334 0.15104166666666666 0.16666666666666666
3 0.46927083333333336 0.546875 0.09479166666666666 0.07291666666666667
3 0.7885416666666667 0.6397569444444444 0.05625 0.1232638888888889
3 0.022916666666666665 0.5989583333333334 0.04791666666666667 0.8055555555555556
5 0.15052083333333333 0.6076388888888888 0.27395833333333336 0.2569444444444444
5 0.5552083333333333 0.5598958333333334 0.0625 0.050347222222222224
5 0.7510416666666667 0.6145833333333334 0.04375 0.0625
6 0.525 0.2638888888888889 0.9520833333333333 0.5138888888888888
6 0.9223958333333333 0.5208333333333334 0.153125 0.1736111111111111
8 0.5119791666666667 0.8897569444444444 0.978125 0.22395833333333334
8 0.5072916666666667 0.671875 0.19583333333333333 0.1875
8 0.7994791666666666 0.7282986111111112 0.403125 0.0954861111111111
