0 0.3296875 0.6032986111111112 0.165625 0.2517361111111111
0 0.90625 0.6909722222222222 0.18958333333333333 0.3472222222222222
0 0.703125 0.5703125 0.13333333333333333 0.18229166666666666
3 0.4875 0.5598958333333334 0.052083333333333336 0.1267361111111111
3 0.6291666666666667 0.6119791666666666 0.058333333333333334 0.2690972222222222
3 0.7989583333333333 0.6223958333333334 0.0375 0.1440972222222222
4 0.0625 0.3611111111111111 0.125 0.3506944444444444
5 0.15052083333333333 0.6336805555555556 0.290625 0.2152777777777778
5 0.5723958333333333 0.5651041666666666 0.07604166666666666 0.11631944444444445
6 0.1359375 0.2638888888888889 0.20104166666666667 0.5069444444444444
6 0.8161458333333333 0.3055555555555556 0.334375 0.5798611111111112
6 0.5666666666666667 0.3116319444444444 0.23958333333333334 0.4045138888888889
6 0.346875 0.2578125 0.19166666666666668 0.4565972222222222
6 0.8723958333333334 0.5329861111111112 0.04479166666666667 0.19444444444444445
6 0.9265625 0.53125 0.042708333333333334 0.1736111111111111
6 0.98125 0.5347222222222222 0.03958333333333333 0.15625
8 0.5057291666666667 0.9071180555555556 0.990625 0.1892361111111111
8 0.6 0.7005208333333334 0.37916666666666665 0.17881944444444445
8 0.4635416666666667 0.5677083333333334 0.08333333333333333 0.06944444444444445
