0 0.340625 0.5946180555555556 0.14791666666666667 0.22395833333333334
0 0.6880208333333333 0.5729166666666666 0.153125 0.14583333333333334
3 0.4609375 0.6137152777777778 0.053125 0.234375
3 0.4239583333333333 0.5234375 0.04791666666666667 0.03298611111111111
3 0.5958333333333333 0.5659722222222222 0.07083333333333333 0.14930555555555555
3 0.8302083333333333 0.6875 0.09375 0.4409722222222222
3 0.8859375 0.6111111111111112 0.05520833333333333 0.2326388888888889
3 0.9484375 0.6918402777777778 0.10520833333333333 0.6197916666666666
5 0.14479166666666668 0.5998263888888888 0.28541666666666665 0.2482638888888889
5 0.7630208333333334 0.6137152777777778 0.06354166666666666 0.057291666666666664
6 0.5026041666666666 0.2708333333333333 0.996875 0.5347222222222222
8 0.46822916666666664 0.9010416666666666 0.9322916666666666 0.2013888888888889
8 0.6109375 0.7265625 0.446875 0.13368055555555555
8 0.4921875 0.6059027777777778 0.13645833333333332 0.08333333333333333
