4 0.28802083333333334 0.4175347222222222 0.30520833333333336 0.296875
4 0.5791666666666667 0.40625 0.19583333333333333 0.2881944444444444
4 0.7552083333333334 0.17274305555555555 0.12083333333333333 0.21006944444444445
5 0.2203125 0.5703125 0.31979166666666664 0.08159722222222222
5 0.85 0.7335069444444444 0.3020833333333333 0.5364583333333334
5 0.46458333333333335 0.4678819444444444 0.12708333333333333 0.1753472222222222
5 0.6979166666666666 0.5164930555555556 0.15208333333333332 0.3246527777777778
0 0.5911458333333334 0.5407986111111112 0.057291666666666664 0.09895833333333333
0 0.47552083333333334 0.5277777777777778 0.071875 0.08333333333333333
3 0.45625 0.5555555555555556 0.041666666666666664 0.11805555555555555
3 0.6026041666666667 0.5477430555555556 0.03854166666666667 0.11631944444444445
3 0.4109375 0.6510416666666666 0.06979166666666667 0.3472222222222222
1 0.6182291666666667 0.7717013888888888 0.16770833333333332 0.4322916666666667
8 0.41822916666666665 0.8480902777777778 0.834375 0.3072916666666667
8 0.50625 0.6223958333333334 0.2520833333333333 0.13368055555555555
7 0.5869791666666667 0.4140625 0.090625 0.043402777777777776
6 0.5026041666666666 0.2977430555555556 0.996875 0.5920138888888888
9 0.3416666666666667 0.5130208333333334 0.07083333333333333 0.0920138888888889
