0 0.32916666666666666 0.5885416666666666 0.16458333333333333 0.2326388888888889
0 0.6541666666666667 0.5720486111111112 0.07083333333333333 0.15104166666666666
3 0.5119791666666667 0.6362847222222222 0.10104166666666667 0.3836805555555556
3 0.7441551041666667 0.6724922743055556 0.08414354166666667 0.4387345486111111
3 0.6598958333333333 0.5980902777777778 0.042708333333333334 0.24131944444444445
3 0.7828125 0.6267361111111112 0.034375 0.1701388888888889
3 0.5729166666666666 0.5598958333333334 0.029166666666666667 0.140625
5 0.1453125 0.6059027777777778 0.28229166666666666 0.2673611111111111
6 0.13489583333333333 0.2777777777777778 0.15520833333333334 0.53125
6 0.825 0.2595486111111111 0.34375 0.5086805555555556
6 0.8677083333333333 0.5711805555555556 0.05 0.21180555555555555
6 0.9223958333333333 0.5651041666666666 0.053125 0.1857638888888889
6 0.98125 0.5546875 0.03958333333333333 0.19618055555555555
6 0.44166666666666665 0.24305555555555555 0.4395833333333333 0.4548611111111111
8 0.5057291666666667 0.90625 0.990625 0.1909722222222222
8 0.6854166666666667 0.7213541666666666 0.6020833333333333 0.13368055555555555
