0 0.3359375 0.5928819444444444 0.15104166666666666 0.2309027777777778
0 0.709375 0.578125 0.1125 0.1527777777777778
0 0.43072916666666666 0.5399305555555556 0.053125 0.06597222222222222
3 0.4791666666666667 0.5920138888888888 0.052083333333333336 0.2152777777777778
3 0.6291666666666667 0.6189236111111112 0.06458333333333334 0.3072916666666667
3 0.7854166666666667 0.6171875 0.04375 0.15104166666666666
5 0.1375 0.6171875 0.27291666666666664 0.234375
5 0.5463541666666667 0.5659722222222222 0.059375 0.04861111111111111
6 0.5015625 0.2586805555555556 0.9989583333333333 0.5
6 0.8713541666666667 0.5434027777777778 0.036458333333333336 0.20833333333333334
6 0.921875 0.5451388888888888 0.04375 0.22569444444444445
6 0.9760416666666667 0.5668402777777778 0.05 0.22395833333333334
8 0.5026041666666666 0.8958333333333334 0.996875 0.21180555555555555
8 0.5416666666666666 0.6927083333333334 0.2375 0.1909722222222222
8 0.8109375 0.7335069444444444 0.27395833333333336 0.1232638888888889
