0 0.3359375 0.6015625 0.15104166666666666 0.24479166666666666
0 0.6848958333333334 0.5729166666666666 0.14895833333333333 0.1527777777777778
3 0.45729166666666665 0.5590277777777778 0.029166666666666667 0.11805555555555555
3 0.4973958333333333 0.5399305555555556 0.030208333333333334 0.06597222222222222
3 0.7890625 0.6189236111111112 0.03854166666666667 0.15104166666666666
5 0.14270833333333333 0.6197916666666666 0.2833333333333333 0.2326388888888889
5 0.7536458333333333 0.6076388888888888 0.03229166666666667 0.04861111111111111
6 0.5015625 0.2595486111111111 0.9989583333333333 0.4947916666666667
6 0.8661458333333333 0.5425347222222222 0.040625 0.16493055555555555
6 0.9192708333333334 0.5538194444444444 0.053125 0.1875
6 0.978125 0.5633680555555556 0.04583333333333333 0.203125
8 0.5015625 0.9071180555555556 0.9989583333333333 0.1892361111111111
8 0.5182291666666666 0.6970486111111112 0.18020833333333333 0.2378472222222222
8 0.8083333333333333 0.7395833333333334 0.3854166666666667 0.15625
