0 0.3359375 0.6041666666666666 0.171875 0.22569444444444445
0 0.7046875 0.5755208333333334 0.109375 0.1440972222222222
3 0.5171875 0.5651041666666666 0.04895833333333333 0.1579861111111111
3 0.6359375 0.5868055555555556 0.057291666666666664 0.1909722222222222
3 0.7895833333333333 0.6258680555555556 0.052083333333333336 0.16493055555555555
4 0.06614583333333333 0.3385416666666667 0.12395833333333334 0.3055555555555556
5 0.1515625 0.6276041666666666 0.30104166666666665 0.2065972222222222
5 0.8380208333333333 0.6076388888888888 0.026041666666666668 0.04861111111111111
5 0.5729166666666666 0.5477430555555556 0.04791666666666667 0.0920138888888889
5 0.45729166666666665 0.5104166666666666 0.05625 0.07291666666666667
6 0.13802083333333334 0.2647569444444444 0.215625 0.5086805555555556
6 0.5729166666666666 0.3203125 0.2375 0.328125
6 0.7453125 0.2951388888888889 0.428125 0.5798611111111112
6 0.9239583333333333 0.5685763888888888 0.15416666666666667 0.2482638888888889
6 0.35572916666666665 0.2847222222222222 0.203125 0.3958333333333333
8 0.7119791666666667 0.8463541666666666 0.5572916666666666 0.2829861111111111
8 0.5046875 0.6102430555555556 0.184375 0.1545138888888889
8 0.22760416666666666 0.9192708333333334 0.4510416666666667 0.16493055555555555
