4 0.2171875 0.3324652777777778 0.33645833333333336 0.421875
4 0.5041666666666667 0.3900293402777778 0.14583333333333334 0.2534722222222222
4 0.8677083333333333 0.2734375 0.26666666666666666 0.2864583333333333
5 0.31485625 0.4965277777777778 0.06354166666666666 0.1111111111111111
5 0.3078125 0.5798611111111112 0.20729166666666668 0.0625
5 0.9135416666666667 0.4809027777777778 0.175 0.22569444444444445
5 0.45416666666666666 0.5286458333333334 0.09791666666666667 0.050347222222222224
0 0.06875 0.5243055555555556 0.13333333333333333 0.12152777777777778
0 0.7638495833333334 0.5190972222222222 0.153353125 0.2048611111111111
0 0.6415564583333333 0.49969930555555553 0.040625 0.0625
3 0.9411876562499999 0.5806848090277777 0.10510947916666667 0.4211779513888889
3 0.7640625 0.5381944444444444 0.057291666666666664 0.2465277777777778
3 0.5588541666666667 0.515625 0.03854166666666667 0.12152777777777778
3 0.6098958333333333 0.4956597222222222 0.046875 0.05381944444444445
3 0.4817708333333333 0.5138888888888888 0.028125 0.09722222222222222
3 0.44375 0.5355902777777778 0.058333333333333334 0.16493055555555555
3 0.38177083333333334 0.5329861111111112 0.046875 0.16666666666666666
1 0.03802083333333333 0.7352430555555556 0.071875 0.2725694444444444
8 0.5010416666666667 0.8125 1.0 0.3784722222222222
8 0.546875 0.5685763888888888 0.2604166666666667 0.11284722222222222
7 0.21666666666666667 0.4577060763888888 0.13958333333333334 0.11631944444444445
6 0.49947916666666664 0.2421875 0.996875 0.4809027777777778
9 0.7947916666666667 0.2760416666666667 0.025 0.10416666666666667
9 0.7645833333333333 0.3055555555555556 0.029166666666666667 0.09027777777777778
