0 0.3328125 0.6006944444444444 0.14479166666666668 0.2361111111111111
0 0.7098958333333333 0.5703125 0.11354166666666667 0.13368055555555555
1 0.4484375 0.5390625 0.019791666666666666 0.029513888888888888
3 0.4744791666666667 0.5755208333333334 0.036458333333333336 0.17881944444444445
3 0.60625 0.6388888888888888 0.07291666666666667 0.3923611111111111
3 0.7953125 0.6232638888888888 0.04479166666666667 0.1527777777777778
5 0.1453125 0.6128472222222222 0.28229166666666666 0.2465277777777778
6 0.5005208333333333 0.2517361111111111 1.0 0.4861111111111111
6 0.8697916666666666 0.5711805555555556 0.03958333333333333 0.21180555555555555
6 0.9197916666666667 0.5668402777777778 0.04791666666666667 0.1996527777777778
6 0.9770833333333333 0.5868055555555556 0.04791666666666667 0.22916666666666666
6 0.8036458333333333 0.4704861111111111 0.09479166666666666 0.3784722222222222
8 0.5026041666666666 0.90625 0.996875 0.1909722222222222
8 0.49270833333333336 0.6901041666666666 0.14791666666666667 0.24479166666666666
8 0.7901041666666667 0.7473958333333334 0.421875 0.1440972222222222
