0 0.33958333333333335 0.5954861111111112 0.14583333333333334 0.2326388888888889
0 0.6770833333333334 0.5659722222222222 0.12291666666666666 0.11458333333333333
3 0.5692708333333333 0.703125 0.178125 0.5104166666666666
3 0.9078125 0.6059027777777778 0.053125 0.2048611111111111
3 0.7697916666666667 0.6684027777777778 0.07708333333333334 0.3541666666666667
3 0.696875 0.6041666666666666 0.04791666666666667 0.2569444444444444
3 0.6572916666666667 0.6258680555555556 0.06041666666666667 0.3211805555555556
3 0.5885416666666666 0.6154513888888888 0.05625 0.2899305555555556
3 0.4328125 0.5373263888888888 0.046875 0.07465277777777778
5 0.15208333333333332 0.5989583333333334 0.29375 0.2881944444444444
5 0.8260416666666667 0.6171875 0.06458333333333334 0.050347222222222224
6 0.5026041666666666 0.2586805555555556 0.996875 0.5
6 0.9244791666666666 0.5685763888888888 0.153125 0.22743055555555555
8 0.5010416666666667 0.9001736111111112 1.0 0.203125
8 0.6932291666666667 0.7230902777777778 0.6135416666666667 0.1232638888888889
8 0.46041666666666664 0.5911458333333334 0.07708333333333334 0.11631944444444445
