2 0.6401041666666667 0.6840277777777778 0.09479166666666666 0.23958333333333334
3 0.3729166666666667 0.5329861111111112 0.07291666666666667 0.07291666666666667
3 0.40677083333333336 0.5564236111111112 0.034375 0.1371527777777778
3 0.5479166666666667 0.6111111111111112 0.08541666666666667 0.2916666666666667
3 0.646875 0.6484375 0.10416666666666667 0.3454861111111111
3 0.8166666666666667 0.6710069444444444 0.07708333333333334 0.3628472222222222
4 0.14375 0.4435763888888889 0.2833333333333333 0.8802083333333334
4 0.88125 0.3637152777777778 0.23958333333333334 0.3767361111111111
5 0.23020833333333332 0.7942708333333334 0.2604166666666667 0.4149305555555556
5 0.8432291666666667 0.6692708333333334 0.315625 0.2829861111111111
6 0.6479166666666667 0.3029513888888889 0.70625 0.5954861111111112
8 0.6416666666666667 0.8420138888888888 0.71875 0.3020833333333333
8 0.46770833333333334 0.7708333333333334 0.30833333333333335 0.4166666666666667
9 0.07135416666666666 0.4383680555555556 0.084375 0.2864583333333333
