0 0.34270833333333334 0.5972222222222222 0.14583333333333334 0.22916666666666666
0 0.6828125 0.578125 0.15729166666666666 0.16319444444444445
1 0.45 0.5711805555555556 0.025 0.020833333333333332
2 0.5177083333333333 0.5711805555555556 0.035416666666666666 0.06597222222222222
3 0.434375 0.5243055555555556 0.07916666666666666 0.04861111111111111
3 0.51875 0.5217013888888888 0.03125 0.043402777777777776
3 0.90625 0.6041666666666666 0.05625 0.19444444444444445
5 0.14479166666666668 0.5807291666666666 0.2875 0.3038194444444444
5 0.7947916666666667 0.6137152777777778 0.12083333333333333 0.057291666666666664
5 0.5723958333333333 0.5590277777777778 0.051041666666666666 0.03125
6 0.5026041666666666 0.2821180555555556 0.996875 0.5572916666666666
6 0.9234375 0.5598958333333334 0.15520833333333334 0.22395833333333334
8 0.5015625 0.8880208333333334 0.9989583333333333 0.22743055555555555
8 0.6979166666666666 0.6996527777777778 0.6 0.125
8 0.5114583333333333 0.5763888888888888 0.17708333333333334 0.09722222222222222
