0 0.334375 0.5980902777777778 0.15625 0.22395833333333334
0 0.6802083333333333 0.5703125 0.15833333333333333 0.14756944444444445
3 0.540625 0.5494791666666666 0.025 0.09895833333333333
3 0.4973958333333333 0.5373263888888888 0.036458333333333336 0.11284722222222222
3 0.43333333333333335 0.5329861111111112 0.06666666666666667 0.059027777777777776
5 0.14895833333333333 0.6137152777777778 0.28541666666666665 0.234375
5 0.79375 0.6102430555555556 0.1125 0.03993055555555555
6 0.5010416666666667 0.2586805555555556 1.0 0.5034722222222222
6 0.921875 0.5486111111111112 0.15833333333333333 0.17708333333333334
8 0.503125 0.8958333333333334 0.9958333333333333 0.21180555555555555
8 0.5078125 0.671875 0.20729166666666668 0.2013888888888889
8 0.8098958333333334 0.7256944444444444 0.38229166666666664 0.13194444444444445
