0 0.3302083333333333 0.5928819444444444 0.15416666666666667 0.2378472222222222
0 0.6859375 0.5746527777777778 0.14479166666666668 0.14583333333333334
3 0.5994791666666667 0.5598958333333334 0.015625 0.057291666666666664
3 0.7885416666666667 0.6189236111111112 0.035416666666666666 0.140625
3 0.4765625 0.5338541666666666 0.046875 0.0642361111111111
3 0.4265625 0.5277777777777778 0.028125 0.05555555555555555
4 0.0625 0.3671875 0.1125 0.2899305555555556
5 0.1484375 0.6345486111111112 0.290625 0.19270833333333334
5 0.5567708333333333 0.5598958333333334 0.05520833333333333 0.06770833333333333
5 0.8505208333333333 0.6232638888888888 0.051041666666666666 0.0763888888888889
6 0.8609375 0.5329861111111112 0.046875 0.2048611111111111
6 0.91875 0.5381944444444444 0.04791666666666667 0.19791666666666666
6 0.9796875 0.5538194444444444 0.042708333333333334 0.20833333333333334
6 0.596875 0.3177083333333333 0.20625 0.3576388888888889
6 0.825 0.2526041666666667 0.35208333333333336 0.4947916666666667
6 0.1484375 0.2586805555555556 0.190625 0.5069444444444444
6 0.3776041666666667 0.24739583333333334 0.24895833333333334 0.4114583333333333
8 0.5052083333333334 0.8975694444444444 0.9916666666666667 0.20833333333333334
8 0.5151041666666667 0.7838541666666666 0.196875 0.4322916666666667
8 0.8130208333333333 0.8342013888888888 0.37604166666666666 0.3350694444444444
