0 0.33125 0.5954861111111112 0.15625 0.2326388888888889
0 0.6911458333333333 0.5833333333333334 0.15104166666666666 0.16666666666666666
0 0.43125 0.5251736111111112 0.027083333333333334 0.03298611111111111
3 0.6026041666666667 0.5616319444444444 0.028125 0.03993055555555555
3 0.7890625 0.6137152777777778 0.036458333333333336 0.16145833333333334
4 0.0625 0.3550347222222222 0.11875 0.2552083333333333
5 0.1484375 0.6215277777777778 0.284375 0.23958333333333334
5 0.8505208333333333 0.6163194444444444 0.04479166666666667 0.0625
5 0.5364583333333334 0.5512152777777778 0.09791666666666667 0.05381944444444445
6 0.14166666666666666 0.2569444444444444 0.17083333333333334 0.4895833333333333
6 0.8671875 0.5303819444444444 0.03854166666666667 0.16145833333333334
6 0.9166666666666666 0.5642361111111112 0.04375 0.2152777777777778
6 0.9760416666666667 0.5703125 0.05 0.21006944444444445
6 0.7234375 0.4765625 0.109375 0.109375
6 0.809375 0.2552083333333333 0.35833333333333334 0.4895833333333333
6 0.7911458333333333 0.4730902777777778 0.109375 0.3489583333333333
6 0.5536458333333333 0.3263888888888889 0.16145833333333334 0.3993055555555556
6 0.38958333333333334 0.2604166666666667 0.3020833333333333 0.4513888888888889
8 0.503125 0.9071180555555556 0.9958333333333333 0.1892361111111111
8 0.5171875 0.7743055555555556 0.171875 0.4548611111111111
8 0.7958333333333333 0.8159722222222222 0.37916666666666665 0.3229166666666667
