0 0.33697916666666666 0.6032986111111112 0.14895833333333333 0.2309027777777778
2 0.44635416666666666 0.5590277777777778 0.040625 0.05555555555555555
3 0.42916666666666664 0.5347222222222222 0.04791666666666667 0.0763888888888889
3 0.5453125 0.6015625 0.06145833333333333 0.2829861111111111
3 0.6 0.6180555555555556 0.07291666666666667 0.2673611111111111
3 0.7520833333333333 0.6032986111111112 0.05625 0.22395833333333334
3 0.9067708333333333 0.5980902777777778 0.04895833333333333 0.203125
3 0.6734375 0.6970486111111112 0.19479166666666667 0.6059027777777778
5 0.1546875 0.6032986111111112 0.30104166666666665 0.2795138888888889
5 0.8151041666666666 0.6128472222222222 0.08645833333333333 0.041666666666666664
6 0.5026041666666666 0.2569444444444444 0.996875 0.5034722222222222
6 0.9270833333333334 0.5520833333333334 0.14791666666666667 0.22569444444444445
8 0.5005208333333333 0.9010416666666666 1.0 0.2013888888888889
8 0.6776041666666667 0.7291666666666666 0.640625 0.11805555555555555
8 0.48541666666666666 0.5954861111111112 0.16041666666666668 0.125
