4 0.225 0.3194444444444444 0.34375 0.375
4 0.5140625 0.3819444444444444 0.18854166666666666 0.2847222222222222
4 0.8447916666666667 0.2821180555555556 0.24791666666666667 0.3107638888888889
5 0.31927083333333334 0.5789930555555556 0.27395833333333336 0.11631944444444445
5 0.35885416666666664 0.4878472222222222 0.16354166666666667 0.12152777777777778
5 0.9119791666666667 0.4609375 0.165625 0.2204861111111111
0 0.08333333333333333 0.5321180555555556 0.10833333333333334 0.13020833333333334
0 0.7671875 0.5364583333333334 0.16354166666666667 0.2222222222222222
3 0.12239583333333333 0.5659722222222222 0.053125 0.2361111111111111
3 0.15885416666666666 0.5546875 0.046875 0.22395833333333334
3 0.475 0.5251736111111112 0.05 0.1753472222222222
3 0.5078125 0.5164930555555556 0.051041666666666666 0.14756944444444445
3 0.5385416666666667 0.5182291666666666 0.04583333333333333 0.13020833333333334
3 0.5890625 0.5017361111111112 0.046875 0.125
3 0.6447916666666667 0.5173611111111112 0.0375 0.09375
3 0.8640625 0.546875 0.06979166666666667 0.2743055555555556
1 0.5942708333333333 0.5711805555555556 0.06354166666666666 0.11458333333333333
8 0.503125 0.8012152777777778 0.9958333333333333 0.3802083333333333
8 0.5552083333333333 0.5460069444444444 0.24583333333333332 0.09895833333333333
7 0.21822916666666667 0.4756944444444444 0.11770833333333333 0.125
6 0.503125 0.2743055555555556 0.9958333333333333 0.5381944444444444
9 0.778125 0.2907986111111111 0.06875 0.11631944444444445
