4 0.5026041666666666 0.3220486111111111 0.9947916666666666 0.6371527777777778
5 0.5885416666666666 0.78125 0.73125 0.21875
5 0.2994791666666667 0.6414930555555556 0.21979166666666666 0.3975694444444444
5 0.43333333333333335 0.484375 0.23958333333333334 0.5694444444444444
5 0.7234375 0.5009821180555556 0.3302083333333333 0.4461805555555556
1 0.1015625 0.7679630208333335 0.19895833333333332 0.4643274305555556
6 0.1 0.3706597222222222 0.175 0.7170138888888888
6 0.278125 0.3506944444444444 0.05 0.6770833333333334
6 0.49166666666666664 0.1345486111111111 0.15833333333333333 0.2482638888888889
6 0.7229166666666667 0.17100694444444445 0.24375 0.3385416666666667
9 0.21302083333333333 0.4036458333333333 0.19479166666666667 0.24479166666666666
9 0.43697916666666664 0.3810763888888889 0.159375 0.2309027777777778
9 0.7770833333333333 0.3680555555555556 0.11875 0.14583333333333334
9 0.6005208333333333 0.3385416666666667 0.13854166666666667 0.1111111111111111
