0 0.33229166666666665 0.5920138888888888 0.14375 0.2326388888888889
0 0.6822916666666666 0.578125 0.14583333333333334 0.1527777777777778
3 0.46041666666666664 0.5260416666666666 0.08541666666666667 0.0798611111111111
3 0.784375 0.6163194444444444 0.06666666666666667 0.1597222222222222
5 0.14166666666666666 0.6006944444444444 0.27708333333333335 0.2569444444444444
5 0.54375 0.5590277777777778 0.09791666666666667 0.0625
6 0.5020833333333333 0.2552083333333333 0.9979166666666667 0.4826388888888889
6 0.9255208333333333 0.5442708333333334 0.15104166666666666 0.2482638888888889
8 0.5052083333333334 0.8932291666666666 0.9916666666666667 0.2170138888888889
8 0.5145833333333333 0.6762152777777778 0.19791666666666666 0.19270833333333334
8 0.8119791666666667 0.7213541666666666 0.378125 0.109375
