0 0.32864583333333336 0.5980902777777778 0.16770833333333332 0.22743055555555555
0 0.6854166666666667 0.5772569444444444 0.14375 0.15104166666666666
0 0.4296875 0.5303819444444444 0.023958333333333335 0.03298611111111111
3 0.603125 0.5633680555555556 0.020833333333333332 0.050347222222222224
3 0.7921875 0.6189236111111112 0.046875 0.15104166666666666
4 0.05625 0.3454861111111111 0.10208333333333333 0.2569444444444444
5 0.15 0.6345486111111112 0.28958333333333336 0.21006944444444445
5 0.5364583333333334 0.5512152777777778 0.1125 0.06076388888888889
6 0.1453125 0.2647569444444444 0.171875 0.5086805555555556
6 0.8130208333333333 0.2569444444444444 0.3302083333333333 0.5034722222222222
6 0.8640625 0.5503472222222222 0.040625 0.1597222222222222
6 0.9208333333333333 0.5720486111111112 0.052083333333333336 0.1753472222222222
6 0.9791666666666666 0.5659722222222222 0.04375 0.21180555555555555
6 0.8026041666666667 0.5355902777777778 0.09270833333333334 0.2170138888888889
6 0.5671875 0.34375 0.140625 0.4131944444444444
6 0.39375 0.2708333333333333 0.3104166666666667 0.4583333333333333
8 0.5052083333333334 0.9045138888888888 0.9916666666666667 0.19444444444444445
8 0.5125 0.7673611111111112 0.17916666666666667 0.4409722222222222
8 0.8072916666666666 0.8359375 0.3875 0.3315972222222222
