0 0.3333333333333333 0.5946180555555556 0.16458333333333333 0.22743055555555555
0 0.6817708333333333 0.5737847222222222 0.14895833333333333 0.14756944444444445
3 0.43645833333333334 0.5434027777777778 0.041666666666666664 0.06944444444444445
3 0.7901041666666667 0.6258680555555556 0.03854166666666667 0.16145833333333334
5 0.15052083333333333 0.6128472222222222 0.296875 0.2465277777777778
5 0.55 0.5581597222222222 0.10208333333333333 0.06770833333333333
5 0.7505208333333333 0.6145833333333334 0.023958333333333335 0.0763888888888889
5 0.8348958333333333 0.6180555555555556 0.03229166666666667 0.041666666666666664
6 0.5020833333333333 0.2604166666666667 0.9979166666666667 0.4965277777777778
6 0.9203125 0.5581597222222222 0.16145833333333334 0.21354166666666666
8 0.5015625 0.8932291666666666 0.9989583333333333 0.2170138888888889
8 0.5088541666666667 0.6753472222222222 0.19270833333333334 0.2048611111111111
8 0.8057291666666667 0.7222222222222222 0.390625 0.125
