0 0.3385416666666667 0.6006944444444444 0.15208333333333332 0.2222222222222222
0 0.6890625 0.5807291666666666 0.16354166666666667 0.14756944444444445
2 0.5161458333333333 0.5842013888888888 0.03229166666666667 0.08854166666666667
3 0.45208333333333334 0.5720486111111112 0.03125 0.140625
3 0.6041666666666666 0.5703125 0.014583333333333334 0.06076388888888889
3 0.9088541666666666 0.6041666666666666 0.05520833333333333 0.20833333333333334
3 0.5161458333333333 0.5121527777777778 0.026041666666666668 0.041666666666666664
3 0.4234375 0.5347222222222222 0.059375 0.05555555555555555
5 0.15364583333333334 0.5894097222222222 0.303125 0.2864583333333333
5 0.7916666666666666 0.6119791666666666 0.1125 0.06076388888888889
5 0.8442708333333333 0.6857638888888888 0.071875 0.052083333333333336
5 0.5671875 0.5564236111111112 0.06145833333333333 0.06076388888888889
6 0.5010416666666667 0.2907986111111111 1.0 0.5711805555555556
6 0.925 0.5503472222222222 0.15208333333333332 0.22916666666666666
8 0.503125 0.8871527777777778 0.9958333333333333 0.22916666666666666
8 0.6953125 0.7074652777777778 0.603125 0.09895833333333333
8 0.5088541666666667 0.5989583333333334 0.171875 0.09375
