0 0.3375 0.5980902777777778 0.14791666666666667 0.22743055555555555
0 0.684375 0.5703125 0.15416666666666667 0.140625
3 0.59375 0.5694444444444444 0.041666666666666664 0.12152777777777778
3 0.5494791666666666 0.5642361111111112 0.036458333333333336 0.14583333333333334
3 0.5005208333333333 0.5407986111111112 0.05520833333333333 0.11284722222222222
3 0.4375 0.5477430555555556 0.05 0.0920138888888889
3 0.9755208333333333 0.6189236111111112 0.051041666666666666 0.2378472222222222
5 0.7942708333333334 0.6102430555555556 0.11770833333333333 0.07118055555555555
5 0.14427083333333332 0.6111111111111112 0.2864583333333333 0.2534722222222222
6 0.5010416666666667 0.2534722222222222 1.0 0.4965277777777778
6 0.9223958333333333 0.5564236111111112 0.15729166666666666 0.2065972222222222
8 0.5015625 0.8888888888888888 0.9989583333333333 0.22569444444444445
8 0.6505208333333333 0.7013888888888888 0.6302083333333334 0.13194444444444445
8 0.4901041666666667 0.5798611111111112 0.140625 0.1076388888888889
