0 0.3380208333333333 0.5902777777777778 0.15729166666666666 0.2048611111111111
0 0.6869791666666667 0.5815972222222222 0.16354166666666667 0.1423611111111111
3 0.4484375 0.5503472222222222 0.04895833333333333 0.1111111111111111
3 0.7895833333333333 0.6232638888888888 0.03333333333333333 0.14583333333333334
5 0.14479166666666668 0.625 0.2875 0.1909722222222222
5 0.05677083333333333 0.4835069444444444 0.10729166666666666 0.10243055555555555
5 0.5359375 0.5520833333333334 0.096875 0.05555555555555555
6 0.5020833333333333 0.2638888888888889 0.9979166666666667 0.5069444444444444
6 0.9239583333333333 0.5390625 0.15416666666666667 0.14756944444444445
8 0.5 0.9045138888888888 1.0 0.19444444444444445
8 0.5161458333333333 0.6918402777777778 0.20729166666666668 0.2170138888888889
8 0.8135416666666667 0.7352430555555556 0.375 0.1371527777777778
