0 0.665625 0.578125 0.09583333333333334 0.16319444444444445
3 0.3145833333333333 0.6744791666666666 0.15208333333333332 0.6128472222222222
3 0.48125 0.5625 0.041666666666666664 0.14583333333333334
3 0.6052083333333333 0.5980902777777778 0.05625 0.2309027777777778
3 0.7432291666666667 0.6336805555555556 0.06145833333333333 0.3472222222222222
3 0.8640625 0.6371527777777778 0.057291666666666664 0.3402777777777778
3 0.7942708333333334 0.6197916666666666 0.040625 0.1736111111111111
4 0.058854166666666666 0.3350694444444444 0.11354166666666667 0.21875
5 0.1171875 0.6189236111111112 0.23020833333333332 0.2690972222222222
5 0.5390625 0.5598958333333334 0.065625 0.043402777777777776
6 0.11354166666666667 0.23958333333333334 0.21875 0.4618055555555556
6 0.3572916666666667 0.18663194444444445 0.24791666666666667 0.3489583333333333
6 0.5208333333333334 0.3081597222222222 0.35 0.3420138888888889
6 0.8208333333333333 0.2326388888888889 0.36041666666666666 0.4583333333333333
6 0.9182291666666667 0.5477430555555556 0.051041666666666666 0.234375
6 0.9765625 0.5486111111111112 0.04895833333333333 0.21180555555555555
8 0.5026041666666666 0.8975694444444444 0.996875 0.2048611111111111
8 0.55 0.6918402777777778 0.3125 0.17881944444444445
8 0.8583333333333333 0.7265625 0.26666666666666666 0.10243055555555555
