0 0.33541666666666664 0.5946180555555556 0.15 0.234375
0 0.45416666666666666 0.5494791666666666 0.05625 0.057291666666666664
0 0.6854166666666667 0.5763888888888888 0.14583333333333334 0.16319444444444445
3 0.5421875 0.6597222222222222 0.09895833333333333 0.4201388888888889
3 0.7932291666666667 0.625 0.03854166666666667 0.1388888888888889
5 0.14583333333333334 0.6085069444444444 0.28125 0.234375
5 0.8375 0.6189236111111112 0.03125 0.06076388888888889
5 0.7609375 0.6111111111111112 0.051041666666666666 0.06597222222222222
6 0.5026041666666666 0.25 0.996875 0.4652777777777778
6 0.9296875 0.5355902777777778 0.14270833333333333 0.1753472222222222
8 0.5026041666666666 0.8984375 0.996875 0.2065972222222222
8 0.5229166666666667 0.6927083333333334 0.18958333333333333 0.2048611111111111
8 0.8130208333333333 0.765625 0.37604166666666666 0.1875
