0 0.334375 0.5980902777777778 0.16458333333333333 0.2204861111111111
0 0.6817708333333333 0.5763888888888888 0.159375 0.16319444444444445
3 0.44583333333333336 0.546875 0.0875 0.0798611111111111
3 0.5291666666666667 0.5572916666666666 0.029166666666666667 0.1111111111111111
3 0.5703125 0.5625 0.034375 0.10069444444444445
5 0.79375 0.6102430555555556 0.13125 0.06076388888888889
5 0.14895833333333333 0.6501736111111112 0.29375 0.22395833333333334
6 0.5005208333333333 0.2717013888888889 1.0 0.5364583333333334
6 0.9244791666666666 0.5425347222222222 0.153125 0.1996527777777778
8 0.5026041666666666 0.8993055555555556 0.996875 0.2048611111111111
8 0.6869791666666667 0.7239583333333334 0.628125 0.125
8 0.5010416666666667 0.6059027777777778 0.1875 0.09722222222222222
