2 0.6473958333333333 0.7213541666666666 0.065625 0.18229166666666666
4 0.15 0.4079861111111111 0.2916666666666667 0.8090277777777778
4 0.8885416666666667 0.3689236111111111 0.225 0.4149305555555556
5 0.23125 0.7821180555555556 0.2375 0.4392361111111111
5 0.8541666666666666 0.6805555555555556 0.29375 0.2708333333333333
5 0.5557291666666667 0.5876736111111112 0.11770833333333333 0.0954861111111111
3 0.39895833333333336 0.5746527777777778 0.12083333333333333 0.14930555555555555
3 0.6479166666666667 0.6206597222222222 0.09583333333333334 0.3107638888888889
3 0.8604166666666667 0.7039930555555556 0.17083333333333334 0.5954861111111112
8 0.4953125 0.7664930555555556 0.3489583333333333 0.4704861111111111
8 0.8322916666666667 0.8550347222222222 0.3375 0.2934027777777778
6 0.653125 0.3020833333333333 0.6875 0.5833333333333334
9 0.07291666666666667 0.4357638888888889 0.07916666666666666 0.28125
