0 0.33958333333333335 0.6006944444444444 0.14583333333333334 0.22569444444444445
1 0.828125 0.8012152777777778 0.3458333333333333 0.4010416666666667
3 0.4921875 0.6440972222222222 0.08645833333333333 0.3680555555555556
3 0.6395833333333333 0.6128472222222222 0.05416666666666667 0.2743055555555556
3 0.6921875 0.6050347222222222 0.08854166666666667 0.3003472222222222
3 0.7677083333333333 0.5295138888888888 0.08125 0.1736111111111111
3 0.7317708333333334 0.5017361111111112 0.057291666666666664 0.1423611111111111
3 0.8494791666666667 0.6961805555555556 0.2947916666666667 0.6111111111111112
5 0.15 0.6032986111111112 0.2916666666666667 0.2899305555555556
5 0.5682291666666667 0.5538194444444444 0.053125 0.05555555555555555
6 0.5015625 0.2725694444444444 0.9989583333333333 0.5347222222222222
8 0.3463541666666667 0.9053819444444444 0.678125 0.19270833333333334
8 0.5286458333333334 0.6744791666666666 0.21979166666666666 0.2482638888888889
