0 0.3338541666666667 0.6015625 0.16979166666666667 0.24479166666666666
0 0.6885416666666667 0.5772569444444444 0.14583333333333334 0.1753472222222222
0 0.8885416666666667 0.6814236111111112 0.225 0.3385416666666667
3 0.4859375 0.5564236111111112 0.046875 0.140625
3 0.5947916666666667 0.5989583333333334 0.06666666666666667 0.2638888888888889
3 0.7890625 0.6197916666666666 0.046875 0.1284722222222222
4 0.059895833333333336 0.3524305555555556 0.11145833333333334 0.3541666666666667
5 0.1484375 0.6336805555555556 0.2864583333333333 0.2048611111111111
5 0.8322916666666667 0.5928819444444444 0.03333333333333333 0.0642361111111111
5 0.5416666666666666 0.5590277777777778 0.029166666666666667 0.0763888888888889
6 0.146875 0.2708333333333333 0.18541666666666667 0.53125
6 0.8119791666666667 0.3151041666666667 0.3572916666666667 0.609375
6 0.8760416666666667 0.5286458333333334 0.03958333333333333 0.1579861111111111
6 0.934375 0.5208333333333334 0.05625 0.12152777777777778
6 0.5619791666666667 0.3237847222222222 0.21770833333333334 0.4253472222222222
6 0.35260416666666666 0.2907986111111111 0.20729166666666668 0.4114583333333333
8 0.5078125 0.9105902777777778 0.9864583333333333 0.18229166666666666
8 0.5755208333333334 0.7213541666666666 0.371875 0.1684027777777778
8 0.47291666666666665 0.59375 0.0875 0.0763888888888889
