0 0.3338541666666667 0.6015625 0.16354166666666667 0.24131944444444445
0 0.6875 0.5763888888888888 0.14375 0.16319444444444445
3 0.575 0.5720486111111112 0.09375 0.16493055555555555
3 0.4390625 0.5329861111111112 0.07604166666666666 0.059027777777777776
5 0.15416666666666667 0.6310763888888888 0.3020833333333333 0.234375
5 0.7927083333333333 0.6102430555555556 0.11041666666666666 0.046875
6 0.5015625 0.2586805555555556 0.9989583333333333 0.5104166666666666
6 0.9203125 0.5338541666666666 0.16145833333333334 0.2552083333333333
8 0.5041666666666667 0.8993055555555556 0.99375 0.2048611111111111
8 0.5052083333333334 0.7022569444444444 0.23333333333333334 0.16493055555555555
8 0.4640625 0.5755208333333334 0.11354166666666667 0.0642361111111111
8 0.815625 0.7326388888888888 0.37083333333333335 0.12152777777777778
