0 0.3302083333333333 0.5963541666666666 0.15416666666666667 0.234375
0 0.6885416666666667 0.5729166666666666 0.15208333333333332 0.1423611111111111
0 0.42864583333333334 0.5286458333333334 0.03229166666666667 0.043402777777777776
3 0.6041666666666666 0.5694444444444444 0.025 0.0763888888888889
3 0.7890625 0.6223958333333334 0.04895833333333333 0.14756944444444445
5 0.15052083333333333 0.6328125 0.2947916666666667 0.21354166666666666
5 0.5317708333333333 0.5451388888888888 0.10520833333333333 0.07291666666666667
5 0.8385416666666666 0.6067708333333334 0.05625 0.046875
6 0.1375 0.2612847222222222 0.2 0.5121527777777778
6 0.815625 0.24913194444444445 0.37083333333333335 0.4739583333333333
6 0.8796875 0.5355902777777778 0.24270833333333333 0.1753472222222222
6 0.43697916666666664 0.2543402777777778 0.38229166666666664 0.484375
6 0.5666666666666667 0.4496527777777778 0.09375 0.2326388888888889
8 0.5020833333333333 0.9045138888888888 0.9979166666666667 0.19444444444444445
8 0.5161458333333333 0.7690972222222222 0.20104166666666667 0.4652777777777778
8 0.8119791666666667 0.8315972222222222 0.378125 0.3402777777777778
