0 0.3385416666666667 0.5980902777777778 0.15208333333333332 0.2204861111111111
0 0.6838541666666667 0.5789930555555556 0.14479166666666668 0.1579861111111111
3 0.70625 0.5980902777777778 0.05 0.17881944444444445
3 0.6479166666666667 0.5824652777777778 0.052083333333333336 0.1996527777777778
3 0.5317708333333333 0.5928819444444444 0.08854166666666667 0.2065972222222222
3 0.9078125 0.6032986111111112 0.05520833333333333 0.1996527777777778
3 0.42916666666666664 0.5329861111111112 0.05416666666666667 0.07291666666666667
5 0.14583333333333334 0.6067708333333334 0.2833333333333333 0.2621527777777778
5 0.7828125 0.6128472222222222 0.12604166666666666 0.04861111111111111
6 0.5005208333333333 0.2595486111111111 1.0 0.5121527777777778
6 0.9244791666666666 0.5633680555555556 0.153125 0.22395833333333334
8 0.5015625 0.9001736111111112 0.9989583333333333 0.203125
8 0.5052083333333334 0.6753472222222222 0.19166666666666668 0.2222222222222222
8 0.8052083333333333 0.7421875 0.39166666666666666 0.13368055555555555
