2 0.6432291666666666 0.7170138888888888 0.084375 0.1840277777777778
3 0.11875 0.5 0.23541666666666666 0.9965277777777778
3 0.3541666666666667 0.5243055555555556 0.0375 0.06597222222222222
3 0.4140625 0.5642361111111112 0.06770833333333333 0.14583333333333334
3 0.5645833333333333 0.6475694444444444 0.1 0.3854166666666667
3 0.646875 0.6423611111111112 0.1 0.3402777777777778
3 0.8098958333333334 0.6588541666666666 0.09270833333333334 0.3663194444444444
4 0.16302083333333334 0.3194444444444444 0.28854166666666664 0.6354166666666666
4 0.878125 0.3420138888888889 0.225 0.3194444444444444
5 0.26458333333333334 0.7907986111111112 0.19791666666666666 0.3940972222222222
5 0.7276041666666667 0.6440972222222222 0.08645833333333333 0.1875
5 0.9208333333333333 0.7170138888888888 0.16041666666666668 0.2013888888888889
6 0.6453125 0.2760416666666667 0.7114583333333333 0.5486111111111112
8 0.6390625 0.8480902777777778 0.7239583333333334 0.2934027777777778
8 0.4109375 0.7682291666666666 0.203125 0.4357638888888889
9 0.08541666666666667 0.3411458333333333 0.09375 0.09895833333333333
