0 0.6854166666666667 0.5859375 0.15416666666666667 0.1684027777777778
3 0.33489583333333334 0.6588541666666666 0.134375 0.5850694444444444
3 0.5333333333333333 0.65625 0.12916666666666668 0.5208333333333334
3 0.8635416666666667 0.6588541666666666 0.18958333333333333 0.6857638888888888
3 0.43333333333333335 0.5347222222222222 0.05 0.0625
4 0.06614583333333333 0.3298611111111111 0.115625 0.19444444444444445
5 0.13385416666666666 0.5911458333333334 0.265625 0.3038194444444444
6 0.0375 0.1388888888888889 0.07291666666666667 0.2569444444444444
6 0.165625 0.2282986111111111 0.15416666666666667 0.4322916666666667
6 0.5661458333333333 0.3229166666666667 0.190625 0.3194444444444444
6 0.3645833333333333 0.18229166666666666 0.21458333333333332 0.3333333333333333
8 0.5041666666666667 0.9097222222222222 0.99375 0.1840277777777778
8 0.6697916666666667 0.7274305555555556 0.15625 0.13194444444444445
