0 0.3338541666666667 0.5954861111111112 0.15729166666666666 0.22916666666666666
0 0.6598958333333333 0.5711805555555556 0.115625 0.16319444444444445
3 0.4453125 0.5364583333333334 0.084375 0.059027777777777776
3 0.83125 0.6223958333333334 0.07083333333333333 0.2934027777777778
3 0.725 0.6119791666666666 0.06875 0.3072916666666667
5 0.146875 0.6319444444444444 0.29583333333333334 0.25
5 0.775 0.6215277777777778 0.029166666666666667 0.04861111111111111
5 0.5463541666666667 0.5590277777777778 0.084375 0.05555555555555555
6 0.5015625 0.2604166666666667 0.9989583333333333 0.5104166666666666
6 0.9255208333333333 0.5520833333333334 0.140625 0.19791666666666666
8 0.503125 0.8975694444444444 0.9958333333333333 0.20833333333333334
8 0.684375 0.734375 0.6166666666666667 0.10416666666666667
8 0.5078125 0.6388888888888888 0.20729166666666668 0.06597222222222222
8 0.4505208333333333 0.5746527777777778 0.08229166666666667 0.04861111111111111
