4 0.15677083333333333 0.4444444444444444 0.31145833333333334 0.8784722222222222
4 0.8942708333333333 0.359375 0.21354166666666666 0.25
5 0.22604166666666667 0.7873263888888888 0.24583333333333332 0.4288194444444444
5 0.853125 0.6675347222222222 0.23541666666666666 0.21006944444444445
5 0.6276041666666666 0.6197916666666666 0.19270833333333334 0.1388888888888889
5 0.44114583333333335 0.5625 0.051041666666666666 0.0625
3 0.3625 0.5355902777777778 0.03333333333333333 0.057291666666666664
3 0.39895833333333336 0.5355902777777778 0.04791666666666667 0.078125
3 0.4708333333333333 0.5694444444444444 0.05 0.13194444444444445
3 0.51875 0.5651041666666666 0.04791666666666667 0.1371527777777778
3 0.9666666666666667 0.6666666666666666 0.06875 0.6701388888888888
8 0.4828125 0.7855902777777778 0.359375 0.4322916666666667
8 0.8270833333333333 0.8550347222222222 0.34791666666666665 0.2934027777777778
6 0.6604166666666667 0.2873263888888889 0.68125 0.5642361111111112
9 0.06979166666666667 0.4409722222222222 0.06666666666666667 0.28125
