4 0.2911458333333333 0.4696180555555556 0.26979166666666665 0.2378472222222222
4 0.5411458333333333 0.4444444444444444 0.165625 0.2152777777777778
4 0.7447916666666666 0.16666666666666666 0.08541666666666667 0.22569444444444445
5 0.12916666666666668 0.5625 0.24791666666666667 0.1076388888888889
5 0.7166666666666667 0.6102430555555556 0.19583333333333333 0.3628472222222222
5 0.8901041666666667 0.7751736111111112 0.221875 0.453125
0 0.5953125 0.5477430555555556 0.06145833333333333 0.08854166666666667
3 0.4585652083333333 0.5686397569444445 0.04261708333333333 0.14356493055555555
3 0.32310677083333333 0.7010340277777778 0.19382604166666667 0.5833333333333334
1 0.6171875 0.7630208333333334 0.19270833333333334 0.4774305555555556
8 0.38645833333333335 0.8272569444444444 0.7645833333333333 0.3489583333333333
8 0.54375 0.5980902777777778 0.23333333333333334 0.09895833333333333
7 0.5776041666666667 0.4131944444444444 0.078125 0.04513888888888889
6 0.5010416666666667 0.2847222222222222 1.0 0.5659722222222222
9 0.33541666666666664 0.4861111111111111 0.041666666666666664 0.0763888888888889
9 0.7333333333333333 0.2013888888888889 0.04583333333333333 0.11458333333333333
