0 0.3333333333333333 0.6015625 0.15625 0.22395833333333334
0 0.6859375 0.5798611111111112 0.15520833333333334 0.15625
3 0.5536458333333333 0.5555555555555556 0.021875 0.08680555555555555
3 0.5208333333333334 0.5494791666666666 0.035416666666666666 0.0954861111111111
3 0.4666666666666667 0.5503472222222222 0.05 0.10069444444444445
3 0.42135416666666664 0.5321180555555556 0.026041666666666668 0.046875
5 0.15364583333333334 0.6232638888888888 0.303125 0.2326388888888889
5 0.7916666666666666 0.6085069444444444 0.12083333333333333 0.057291666666666664
6 0.5026041666666666 0.2543402777777778 0.996875 0.4982638888888889
6 0.9197916666666667 0.5303819444444444 0.1625 0.21354166666666666
8 0.5015625 0.890625 0.9989583333333333 0.2222222222222222
8 0.6828125 0.7213541666666666 0.615625 0.08506944444444445
8 0.515625 0.6137152777777778 0.1875 0.11631944444444445
