0 0.3375 0.5954861111111112 0.14166666666666666 0.22569444444444445
0 0.6854166666666667 0.5763888888888888 0.16041666666666668 0.16319444444444445
1 0.5583333333333333 0.6171875 0.06875 0.08854166666666667
3 0.4578125 0.5798611111111112 0.040625 0.1840277777777778
3 0.4119791666666667 0.5243055555555556 0.051041666666666666 0.05555555555555555
3 0.5572916666666666 0.5677083333333334 0.04375 0.12152777777777778
3 0.884375 0.6475694444444444 0.07916666666666666 0.375
3 0.9609375 0.6692708333333334 0.07395833333333333 0.3697916666666667
5 0.14114583333333333 0.6076388888888888 0.278125 0.2638888888888889
5 0.7880208333333333 0.6137152777777778 0.10520833333333333 0.05381944444444445
5 0.5098958333333333 0.5494791666666666 0.051041666666666666 0.036458333333333336
6 0.5015625 0.2760416666666667 0.9989583333333333 0.5347222222222222
8 0.5026041666666666 0.8940972222222222 0.996875 0.2152777777777778
8 0.6932291666666667 0.7204861111111112 0.6010416666666667 0.11805555555555555
8 0.4765625 0.5989583333333334 0.109375 0.1076388888888889
