0 0.33541666666666664 0.5972222222222222 0.15416666666666667 0.22916666666666666
0 0.6838541666666667 0.5807291666666666 0.159375 0.16145833333333334
1 0.4276041666666667 0.5503472222222222 0.017708333333333333 0.034722222222222224
2 0.5526041666666667 0.5868055555555556 0.040625 0.09722222222222222
3 0.42864583333333334 0.5199652777777778 0.08229166666666667 0.036458333333333336
3 0.5510416666666667 0.5217013888888888 0.03958333333333333 0.06076388888888889
5 0.4901041666666667 0.5399305555555556 0.07395833333333333 0.04861111111111111
5 0.14479166666666668 0.6024305555555556 0.28541666666666665 0.2743055555555556
5 0.7911458333333333 0.6111111111111112 0.11354166666666667 0.0625
6 0.5010416666666667 0.2690972222222222 1.0 0.5277777777777778
6 0.9265625 0.5607638888888888 0.14895833333333333 0.2013888888888889
8 0.5026041666666666 0.8819444444444444 0.996875 0.23958333333333334
8 0.6947916666666667 0.6979166666666666 0.6041666666666666 0.10416666666666667
8 0.49166666666666664 0.5946180555555556 0.14375 0.078125
