0 0.12864583333333332 0.4548611111111111 0.04479166666666667 0.08333333333333333
0 0.30572916666666666 0.5381944444444444 0.3614583333333333 0.2916666666666667
0 0.4828125 0.4375 0.059375 0.0798611111111111
1 0.434375 0.4730902777777778 0.06666666666666667 0.07118055555555555
3 0.21979166666666666 0.453125 0.03125 0.052083333333333336
4 0.23958333333333334 0.2248263888888889 0.475 0.4288194444444444
4 0.8078125 0.4496527777777778 0.384375 0.8888888888888888
5 0.5848958333333333 0.4583333333333333 0.14479166666666668 0.1701388888888889
5 0.07083333333333333 0.484375 0.13958333333333334 0.16666666666666666
6 0.10520833333333333 0.3472222222222222 0.1125 0.22569444444444445
6 0.2921875 0.2855902777777778 0.17604166666666668 0.2309027777777778
6 0.559375 0.2881944444444444 0.10625 0.5590277777777778
7 0.19479166666666667 0.20052083333333334 0.16458333333333333 0.029513888888888888
8 0.3416666666666667 0.8038194444444444 0.6729166666666667 0.3680555555555556
8 0.5098958333333333 0.5347222222222222 0.16145833333333334 0.14583333333333334
9 0.0578125 0.15711805555555555 0.07604166666666666 0.0954861111111111
9 0.41875 0.09461805555555555 0.022916666666666665 0.07465277777777778
9 0.3645833333333333 0.18229166666666666 0.052083333333333336 0.12152777777777778
9 0.3578125 0.3663194444444444 0.04479166666666667 0.06944444444444445
9 0.4114583333333333 0.4027777777777778 0.027083333333333334 0.05555555555555555
9 0.4140625 0.2847222222222222 0.023958333333333335 0.08333333333333333
9 0.4515625 0.22135416666666666 0.030208333333333334 0.046875
9 0.45416666666666666 0.3402777777777778 0.029166666666666667 0.041666666666666664
9 0.6348958333333333 0.3958333333333333 0.023958333333333335 0.09375
