0 0.33645833333333336 0.5989583333333334 0.15 0.21875
0 0.6833333333333333 0.5824652777777778 0.15208333333333332 0.15104166666666666
3 0.4666666666666667 0.5633680555555556 0.03125 0.109375
3 0.49635416666666665 0.5616319444444444 0.028125 0.09895833333333333
3 0.4270833333333333 0.5225694444444444 0.0375 0.041666666666666664
3 0.7911458333333333 0.6215277777777778 0.03854166666666667 0.16666666666666666
4 0.058854166666666666 0.3446180555555556 0.10729166666666666 0.21006944444444445
5 0.1546875 0.6067708333333334 0.30520833333333336 0.265625
6 0.5026041666666666 0.2526041666666667 0.996875 0.4878472222222222
6 0.8677083333333333 0.5572916666666666 0.041666666666666664 0.19444444444444445
6 0.9135416666666667 0.5572916666666666 0.0625 0.2048611111111111
6 0.9770833333333333 0.5711805555555556 0.04791666666666667 0.2222222222222222
8 0.5015625 0.9001736111111112 0.9989583333333333 0.203125
8 0.5161458333333333 0.6822916666666666 0.18229166666666666 0.2361111111111111
8 0.8098958333333334 0.7387152777777778 0.38229166666666664 0.13368055555555555
