0 0.3385416666666667 0.6015625 0.15625 0.22743055555555555
0 0.6859375 0.5807291666666666 0.15520833333333334 0.1579861111111111
1 0.5067708333333333 0.6050347222222222 0.051041666666666666 0.07118055555555555
3 0.4244791666666667 0.5295138888888888 0.046875 0.041666666666666664
3 0.5046875 0.5512152777777778 0.03229166666666667 0.08506944444444445
3 0.4671875 0.5833333333333334 0.036458333333333336 0.16319444444444445
3 0.909375 0.6006944444444444 0.05416666666666667 0.2013888888888889
3 0.9604166666666667 0.6710069444444444 0.08125 0.4635416666666667
5 0.146875 0.6041666666666666 0.2916666666666667 0.2777777777777778
5 0.7947916666666667 0.609375 0.11666666666666667 0.05555555555555555
6 0.5005208333333333 0.3046875 1.0 0.5920138888888888
8 0.503125 0.8949652777777778 0.9958333333333333 0.21354166666666666
8 0.6869791666666667 0.7230902777777778 0.6135416666666667 0.11284722222222222
8 0.5088541666666667 0.6085069444444444 0.19270833333333334 0.10243055555555555
