0 0.3338541666666667 0.5954861111111112 0.16354166666666667 0.22569444444444445
0 0.6854166666666667 0.5737847222222222 0.15 0.14756944444444445
3 0.4322916666666667 0.5425347222222222 0.041666666666666664 0.06770833333333333
3 0.7927083333333333 0.6223958333333334 0.04791666666666667 0.1545138888888889
3 0.6015625 0.5625 0.017708333333333333 0.05555555555555555
5 0.14322916666666666 0.6128472222222222 0.28020833333333334 0.2361111111111111
5 0.05364583333333333 0.4626736111111111 0.10520833333333333 0.07465277777777778
5 0.5375 0.5529513888888888 0.09583333333333334 0.06076388888888889
5 0.83125 0.6215277777777778 0.025 0.059027777777777776
5 0.7505208333333333 0.6085069444444444 0.040625 0.0642361111111111
6 0.5015625 0.2534722222222222 0.9989583333333333 0.4965277777777778
6 0.9197916666666667 0.5147569444444444 0.1625 0.1684027777777778
8 0.5015625 0.8940972222222222 0.9989583333333333 0.2152777777777778
8 0.5130208333333334 0.6727430555555556 0.19270833333333334 0.21354166666666666
8 0.8078125 0.7239583333333334 0.38645833333333335 0.125
