4 0.2125 0.3168402777777778 0.3229166666666667 0.3350694444444444
4 0.5098958333333333 0.3637152777777778 0.16354166666666667 0.2517361111111111
4 0.8572916666666667 0.2821180555555556 0.20833333333333334 0.3211805555555556
5 0.3651041666666667 0.5086805555555556 0.18229166666666666 0.14583333333333334
5 0.26875 0.5842013888888888 0.17916666666666667 0.07118055555555555
5 0.9171875 0.4696180555555556 0.16770833333333332 0.2170138888888889
0 0.7588541666666667 0.5355902777777778 0.16145833333333334 0.22743055555555555
0 0.07447916666666667 0.5243055555555556 0.11770833333333333 0.11458333333333333
3 0.16875 0.5347222222222222 0.035416666666666666 0.22916666666666666
3 0.178125 0.5625 0.03958333333333333 0.22569444444444445
3 0.2078125 0.5434027777777778 0.042708333333333334 0.2222222222222222
3 0.4869791666666667 0.5112847222222222 0.04479166666666667 0.1440972222222222
3 0.5223958333333333 0.5269097222222222 0.051041666666666666 0.1579861111111111
3 0.634375 0.5078125 0.0375 0.0954861111111111
3 0.5734375 0.5164930555555556 0.040625 0.1371527777777778
3 0.59375 0.4939236111111111 0.035416666666666666 0.109375
3 0.8609375 0.5347222222222222 0.06354166666666666 0.2534722222222222
1 0.5666666666666667 0.5659722222222222 0.09791666666666667 0.09722222222222222
8 0.5046875 0.8090277777777778 0.9927083333333333 0.3784722222222222
8 0.5520833333333334 0.5572916666666666 0.25833333333333336 0.10069444444444445
7 0.21614583333333334 0.4678819444444444 0.13645833333333332 0.1232638888888889
6 0.5015625 0.2638888888888889 0.9989583333333333 0.5104166666666666
9 0.7895833333333333 0.2708333333333333 0.052083333333333336 0.13541666666666666
