0 0.3307291666666667 0.5980902777777778 0.165625 0.2309027777777778
0 0.6854166666666667 0.578125 0.15625 0.16319444444444445
3 0.4401041666666667 0.5329861111111112 0.046875 0.052083333333333336
3 0.7911458333333333 0.6137152777777778 0.04895833333333333 0.140625
3 0.603125 0.5711805555555556 0.029166666666666667 0.06944444444444445
5 0.153125 0.6362847222222222 0.29375 0.2586805555555556
5 0.5546875 0.5546875 0.08854166666666667 0.036458333333333336
5 0.859375 0.6302083333333334 0.06458333333333334 0.06944444444444445
6 0.15572916666666667 0.2647569444444444 0.178125 0.5086805555555556
6 0.546875 0.3802083333333333 0.14583333333333334 0.3402777777777778
6 0.7916666666666666 0.2552083333333333 0.41458333333333336 0.4895833333333333
6 0.865625 0.5520833333333334 0.041666666666666664 0.1840277777777778
6 0.9458333333333333 0.5512152777777778 0.11041666666666666 0.2065972222222222
6 0.7182291666666667 0.4670138888888889 0.09270833333333334 0.09027777777777778
6 0.42239583333333336 0.2456597222222222 0.3385416666666667 0.4565972222222222
8 0.503125 0.9123263888888888 0.9958333333333333 0.17881944444444445
8 0.534375 0.7769097222222222 0.21875 0.4010416666666667
8 0.8265625 0.8368055555555556 0.3489583333333333 0.3298611111111111
