0 0.3359375 0.5946180555555556 0.15729166666666666 0.2204861111111111
0 0.709375 0.5729166666666666 0.09791666666666667 0.1388888888888889
1 0.44375 0.5277777777777778 0.027083333333333334 0.052083333333333336
3 0.47291666666666665 0.5711805555555556 0.04375 0.17708333333333334
3 0.6234375 0.6223958333333334 0.08645833333333333 0.3454861111111111
3 0.7880208333333333 0.6215277777777778 0.03229166666666667 0.1423611111111111
5 0.1453125 0.6223958333333334 0.27395833333333336 0.2378472222222222
5 0.04583333333333333 0.4904513888888889 0.0875 0.1371527777777778
6 0.12395833333333334 0.2595486111111111 0.24583333333333332 0.4982638888888889
6 0.865625 0.5138888888888888 0.04583333333333333 0.19791666666666666
6 0.9151041666666667 0.5190972222222222 0.057291666666666664 0.20833333333333334
6 0.9765625 0.5381944444444444 0.04895833333333333 0.2222222222222222
6 0.6286458333333333 0.24479166666666666 0.7447916666666666 0.4826388888888889
8 0.5041666666666667 0.9027777777777778 0.99375 0.19791666666666666
8 0.6927083333333334 0.734375 0.6041666666666666 0.1111111111111111
8 0.5020833333333333 0.6137152777777778 0.16458333333333333 0.10590277777777778
