0 0.33645833333333336 0.6015625 0.15625 0.22743055555555555
0 0.684375 0.5798611111111112 0.15833333333333333 0.15625
3 0.4630208333333333 0.5494791666666666 0.06770833333333333 0.109375
3 0.546875 0.5529513888888888 0.06666666666666667 0.10590277777777778
5 0.1484375 0.6032986111111112 0.28854166666666664 0.265625
5 0.79375 0.6085069444444444 0.12291666666666666 0.0642361111111111
6 0.5010416666666667 0.2421875 1.0 0.4739583333333333
6 0.91875 0.53125 0.1625 0.22916666666666666
8 0.5026041666666666 0.8967013888888888 0.996875 0.21006944444444445
8 0.6953125 0.7352430555555556 0.5947916666666667 0.0920138888888889
8 0.5083333333333333 0.6137152777777778 0.2 0.1267361111111111
