0 0.33958333333333335 0.5954861111111112 0.15208333333333332 0.22569444444444445
0 0.6828125 0.5789930555555556 0.15104166666666666 0.1579861111111111
1 0.45260416666666664 0.5598958333333334 0.021875 0.03298611111111111
2 0.5182291666666666 0.5763888888888888 0.036458333333333336 0.07291666666666667
3 0.42135416666666664 0.5147569444444444 0.03854166666666667 0.036458333333333336
3 0.5203125 0.5303819444444444 0.015625 0.06076388888888889
3 0.90625 0.6085069444444444 0.05 0.21354166666666666
5 0.14895833333333333 0.5980902777777778 0.29375 0.2690972222222222
5 0.79375 0.6145833333333334 0.12916666666666668 0.052083333333333336
6 0.5005208333333333 0.2786458333333333 1.0 0.5399305555555556
6 0.9234375 0.5512152777777778 0.15520833333333334 0.24131944444444445
8 0.5015625 0.8871527777777778 0.9989583333333333 0.22916666666666666
8 0.6890625 0.7118055555555556 0.621875 0.09027777777777778
8 0.509375 0.5954861111111112 0.2 0.11458333333333333
