4 0.30885416666666665 0.4296875 0.34479166666666666 0.2204861111111111
4 0.5848958333333333 0.4262152777777778 0.15104166666666666 0.2204861111111111
4 0.75625 0.1779513888888889 0.10208333333333333 0.16493055555555555
5 0.8380208333333333 0.7447916666666666 0.3260416666666667 0.5104166666666666
5 0.2751825 0.541882204861111 0.24755166666666667 0.09975677083333333
5 0.47555125 0.5295138888888888 0.090625 0.09027777777777778
0 0.5880208333333333 0.5277777777777778 0.06145833333333333 0.09027777777777778
3 0.4578277083333333 0.5317505208333333 0.046875 0.10243055555555555
3 0.1046875 0.6449652777777778 0.20729166666666668 0.515625
1 0.61875 0.7734375 0.16875 0.4565972222222222
1 0.13541666666666666 0.7690972222222222 0.26875 0.4652777777777778
8 0.40989583333333335 0.8611111111111112 0.8114583333333333 0.28125
8 0.5098958333333333 0.6423611111111112 0.284375 0.16319444444444445
7 0.58125 0.4131944444444444 0.08958333333333333 0.052083333333333336
6 0.5010416666666667 0.2847222222222222 1.0 0.5590277777777778
9 0.3416666666666667 0.5 0.07708333333333334 0.0798611111111111
9 0.7328125 0.19010416666666666 0.036458333333333336 0.08854166666666667
