2 0.6489583333333333 0.7265625 0.07291666666666667 0.19270833333333334
3 0.3645833333333333 0.5338541666666666 0.05625 0.06770833333333333
3 0.41510416666666666 0.5607638888888888 0.08020833333333334 0.1527777777777778
3 0.8130208333333333 0.671875 0.08020833333333334 0.3506944444444444
3 0.60625 0.6614583333333334 0.11875 0.4305555555555556
3 0.6583333333333333 0.6076388888888888 0.07291666666666667 0.2708333333333333
4 0.1484375 0.4123263888888889 0.2947916666666667 0.8177083333333334
4 0.896875 0.3368055555555556 0.20625 0.375
5 0.2296875 0.7925347222222222 0.24895833333333334 0.4149305555555556
5 0.7265625 0.6276041666666666 0.08854166666666667 0.1684027777777778
5 0.9177083333333333 0.7100694444444444 0.16666666666666666 0.1875
5 0.5140625 0.5807291666666666 0.08854166666666667 0.08506944444444445
6 0.6552083333333333 0.2873263888888889 0.6916666666666667 0.5503472222222222
8 0.5026041666666666 0.7881944444444444 0.36354166666666665 0.4270833333333333
8 0.8411458333333334 0.8411458333333334 0.303125 0.3003472222222222
9 0.071875 0.4236111111111111 0.07083333333333333 0.2777777777777778
