4 0.29635416666666664 0.4331597222222222 0.2989583333333333 0.234375
4 0.5541666666666667 0.3619791666666667 0.21041666666666667 0.2170138888888889
4 0.7505208333333333 0.16493055555555555 0.103125 0.1909722222222222
5 0.1671875 0.5182291666666666 0.24479166666666666 0.0920138888888889
5 0.8453125 0.7664930555555556 0.31145833333333334 0.4704861111111111
0 0.596875 0.5425347222222222 0.06458333333333334 0.078125
3 0.5430353125 0.5852404513888889 0.05625 0.19270833333333334
3 0.1579759375 0.6901611979166666 0.18540145833333332 0.6201592013888889
3 0.39374239583333337 0.6413219618055556 0.058394166666666664 0.3388331597222222
3 0.31681489583333333 0.7293060763888888 0.146875 0.5448600694444444
3 0.44731604166666666 0.5647873263888888 0.04583333333333333 0.16493055555555555
3 0.4869791666666667 0.578125 0.040625 0.17708333333333334
1 0.6161458333333333 0.7821180555555556 0.18854166666666666 0.4392361111111111
8 0.415625 0.7855902777777778 0.8229166666666666 0.4322916666666667
7 0.5890625 0.4175347222222222 0.10520833333333333 0.046875
6 0.503125 0.2855902777777778 0.9958333333333333 0.5642361111111112
9 0.3463541666666667 0.4973958333333333 0.065625 0.0920138888888889
9 0.734375 0.1987847222222222 0.04375 0.0954861111111111
