0 0.3359375 0.5989583333333334 0.153125 0.2326388888888889
0 0.6848958333333334 0.5772569444444444 0.159375 0.16145833333333334
1 0.48489583333333336 0.5815972222222222 0.021875 0.04861111111111111
3 0.4713541666666667 0.5625 0.051041666666666666 0.13194444444444445
3 0.41354166666666664 0.5234375 0.041666666666666664 0.0642361111111111
3 0.90625 0.6076388888888888 0.05625 0.2013888888888889
3 0.9822916666666667 0.7126736111111112 0.0375 0.4600694444444444
5 0.146875 0.6076388888888888 0.28958333333333336 0.2604166666666667
5 0.7973958333333333 0.6102430555555556 0.13020833333333334 0.06076388888888889
6 0.5010416666666667 0.2986111111111111 1.0 0.5902777777777778
8 0.5010416666666667 0.8880208333333334 1.0 0.22743055555555555
8 0.6901041666666666 0.7065972222222222 0.590625 0.11458333333333333
8 0.5114583333333333 0.5963541666666666 0.18541666666666667 0.08159722222222222
