0 0.340625 0.5980902777777778 0.15625 0.22743055555555555
0 0.6796875 0.5824652777777778 0.128125 0.1753472222222222
3 0.5213541666666667 0.5833333333333334 0.06354166666666666 0.20833333333333334
3 0.59375 0.5859375 0.04583333333333333 0.22743055555555555
3 0.55625 0.5364583333333334 0.04791666666666667 0.1527777777777778
3 0.63125 0.6276041666666666 0.0625 0.2482638888888889
3 0.6770833333333334 0.5920138888888888 0.058333333333333334 0.2326388888888889
3 0.7333333333333333 0.5998263888888888 0.03958333333333333 0.2170138888888889
3 0.971875 0.6458333333333334 0.058333333333333334 0.7118055555555556
3 0.9026041666666667 0.6032986111111112 0.04895833333333333 0.1996527777777778
3 0.42864583333333334 0.5399305555555556 0.05520833333333333 0.07291666666666667
5 0.8015625 0.6102430555555556 0.109375 0.046875
5 0.14635416666666667 0.6050347222222222 0.290625 0.2795138888888889
6 0.5005208333333333 0.2526041666666667 1.0 0.4982638888888889
6 0.9151041666666667 0.5321180555555556 0.14270833333333333 0.1857638888888889
8 0.46822916666666664 0.9071180555555556 0.934375 0.1892361111111111
8 0.6166666666666667 0.7482638888888888 0.6083333333333333 0.14583333333333334
8 0.4734375 0.6032986111111112 0.13020833333333334 0.11631944444444445
