0 0.3375 0.5998263888888888 0.16458333333333333 0.22743055555555555
0 0.6848958333333334 0.5798611111111112 0.15729166666666666 0.14583333333333334
1 0.159375 0.8342013888888888 0.3 0.3350694444444444
3 0.4395833333333333 0.5538194444444444 0.0625 0.1076388888888889
3 0.7921875 0.6267361111111112 0.040625 0.14930555555555555
3 0.07083333333333333 0.6987847222222222 0.13958333333333334 0.6059027777777778
5 0.21302083333333333 0.6163194444444444 0.165625 0.1840277777777778
5 0.5302083333333333 0.5564236111111112 0.10416666666666667 0.03993055555555555
5 0.7479166666666667 0.6076388888888888 0.041666666666666664 0.04513888888888889
6 0.5015625 0.2543402777777778 0.9989583333333333 0.4982638888888889
6 0.9255208333333333 0.5564236111111112 0.15104166666666666 0.1753472222222222
8 0.6453125 0.8428819444444444 0.7010416666666667 0.2864583333333333
8 0.5057291666666667 0.625 0.203125 0.12152777777777778
8 0.7067708333333333 0.6788194444444444 0.178125 0.034722222222222224
