0 0.32395833333333335 0.5963541666666666 0.16875 0.2517361111111111
0 0.5208333333333334 0.5703125 0.12708333333333333 0.140625
0 0.6869791666666667 0.5720486111111112 0.159375 0.16145833333333334
3 0.7854166666666667 0.6310763888888888 0.04375 0.140625
3 0.453125 0.5477430555555556 0.035416666666666666 0.08159722222222222
4 0.05625 0.390625 0.10833333333333334 0.2916666666666667
5 0.14583333333333334 0.6362847222222222 0.2875 0.22395833333333334
5 0.8458333333333333 0.6293402777777778 0.0625 0.046875
6 0.15052083333333333 0.2734375 0.19895833333333332 0.5295138888888888
6 0.578125 0.3359375 0.2 0.3559027777777778
6 0.8223958333333333 0.328125 0.3572916666666667 0.6388888888888888
6 0.8703125 0.5390625 0.04895833333333333 0.2065972222222222
6 0.934375 0.5616319444444444 0.05625 0.2517361111111111
6 0.9901041666666667 0.5694444444444444 0.021875 0.2638888888888889
6 0.365625 0.2907986111111111 0.21875 0.4322916666666667
8 0.5057291666666667 0.8897569444444444 0.990625 0.22395833333333334
8 0.5473958333333333 0.6501736111111112 0.2635416666666667 0.2065972222222222
8 0.8484375 0.8333333333333334 0.29270833333333335 0.3368055555555556
