0 0.3307291666666667 0.5954861111111112 0.16145833333333334 0.2361111111111111
0 0.6833333333333333 0.5789930555555556 0.14375 0.16493055555555555
3 0.7885416666666667 0.6137152777777778 0.04375 0.15104166666666666
3 0.48333333333333334 0.5407986111111112 0.025 0.07465277777777778
3 0.5208333333333334 0.5538194444444444 0.029166666666666667 0.09375
3 0.4239583333333333 0.5199652777777778 0.06041666666666667 0.057291666666666664
3 0.6098958333333333 0.5694444444444444 0.030208333333333334 0.07291666666666667
4 0.057291666666666664 0.3602430555555556 0.1125 0.3454861111111111
5 0.1515625 0.6440972222222222 0.28854166666666664 0.19444444444444445
5 0.85625 0.6241319444444444 0.07291666666666667 0.0954861111111111
5 0.5645833333333333 0.5546875 0.0375 0.043402777777777776
6 0.14739583333333334 0.2569444444444444 0.16145833333333334 0.4930555555555556
6 0.8666666666666667 0.5364583333333334 0.035416666666666666 0.1840277777777778
6 0.9166666666666666 0.5520833333333334 0.035416666666666666 0.19444444444444445
6 0.9744791666666667 0.5581597222222222 0.053125 0.203125
6 0.8197916666666667 0.2508680555555556 0.3625 0.4913194444444444
6 0.5880208333333333 0.3446180555555556 0.228125 0.3177083333333333
6 0.35833333333333334 0.2387152777777778 0.24583333333333332 0.4114583333333333
8 0.503125 0.8975694444444444 0.9958333333333333 0.20833333333333334
8 0.5114583333333333 0.7621527777777778 0.18541666666666667 0.3819444444444444
8 0.8078125 0.8185763888888888 0.38645833333333335 0.2795138888888889
