0 0.33958333333333335 0.59375 0.14166666666666666 0.2152777777777778
0 0.6859375 0.5746527777777778 0.15104166666666666 0.14930555555555555
1 0.4348958333333333 0.5347222222222222 0.030208333333333334 0.06597222222222222
3 0.49270833333333336 0.6597222222222222 0.12083333333333333 0.5173611111111112
3 0.7932291666666667 0.6215277777777778 0.042708333333333334 0.13541666666666666
5 0.14635416666666667 0.6171875 0.2760416666666667 0.22743055555555555
6 0.11510416666666666 0.2552083333333333 0.22604166666666667 0.4930555555555556
6 0.8713541666666667 0.5208333333333334 0.051041666666666666 0.2048611111111111
6 0.9223958333333333 0.5303819444444444 0.046875 0.2204861111111111
6 0.9770833333333333 0.5529513888888888 0.04791666666666667 0.2170138888888889
6 0.5875 0.2699652777777778 0.21041666666666667 0.2760416666666667
6 0.359375 0.2361111111111111 0.24583333333333332 0.4513888888888889
6 0.7803009375000001 0.25383871527777774 0.44148145833333335 0.5007329861111111
8 0.503125 0.9088541666666666 0.9958333333333333 0.1857638888888889
8 0.7567708333333333 0.7335069444444444 0.46770833333333334 0.13368055555555555
8 0.578125 0.6197916666666666 0.03958333333333333 0.059027777777777776
8 0.3880208333333333 0.765625 0.14479166666666668 0.08333333333333333
