4 0.15520833333333334 0.4479166666666667 0.30833333333333335 0.8854166666666666
4 0.8914385416666666 0.3714074652777778 0.21875 0.3038194444444444
5 0.2265625 0.7795138888888888 0.2552083333333333 0.4444444444444444
5 0.8178300000000001 0.6684028645833333 0.17080291666666667 0.1484185763888889
5 0.6277068229166667 0.6343394965277778 0.1963959375 0.13381996527777776
5 0.4791666666666667 0.5824652777777778 0.11041666666666666 0.08506944444444445
3 0.38045541666666666 0.5308951388888888 0.084375 0.07291666666666667
3 0.9054212500000001 0.7037966145833333 0.19124083333333333 0.5958789930555555
1 0.3977113541666667 0.5729673611111111 0.04583333333333333 0.05487118055555555
8 0.4875 0.7874024305555555 0.33541666666666664 0.4253472222222222
8 0.8234375 0.8602430555555556 0.35520833333333335 0.2829861111111111
6 0.6604166666666667 0.2916666666666667 0.68125 0.5729166666666666
9 0.06510416666666667 0.4357638888888889 0.06770833333333333 0.2673611111111111
