0 0.48072916666666665 0.4470486111111111 0.06354166666666666 0.0642361111111111
0 0.2796875 0.5329861111111112 0.340625 0.2638888888888889
1 0.4244791666666667 0.4782986111111111 0.06770833333333333 0.06076388888888889
3 0.20885416666666667 0.4661458333333333 0.053125 0.07118055555555555
3 0.03958333333333333 0.6085069444444444 0.07708333333333334 0.5850694444444444
4 0.24322916666666666 0.21180555555555555 0.478125 0.4027777777777778
4 0.8166666666666667 0.4782986111111111 0.3541666666666667 0.9392361111111112
5 0.5833333333333334 0.4800347222222222 0.13958333333333334 0.21006944444444445
5 0.06770833333333333 0.4878472222222222 0.13333333333333333 0.2152777777777778
6 0.29270833333333335 0.2786458333333333 0.1625 0.2204861111111111
6 0.5572916666666666 0.2847222222222222 0.08958333333333333 0.5625
7 0.19635416666666666 0.2074652777777778 0.165625 0.046875
8 0.3854166666666667 0.8229166666666666 0.6895833333333333 0.3576388888888889
8 0.49583333333333335 0.5373263888888888 0.18333333333333332 0.1753472222222222
9 0.058333333333333334 0.15538194444444445 0.07708333333333334 0.08159722222222222
9 0.36614583333333334 0.1918402777777778 0.051041666666666666 0.1267361111111111
9 0.35989583333333336 0.3715277777777778 0.040625 0.0798611111111111
9 0.4588541666666667 0.3420138888888889 0.04479166666666667 0.052083333333333336
9 0.41510416666666666 0.3836805555555556 0.019791666666666666 0.06944444444444445
9 0.45208333333333334 0.22916666666666666 0.03125 0.03125
9 0.45416666666666666 0.11805555555555555 0.020833333333333332 0.027777777777777776
9 0.4197916666666667 0.09375 0.025 0.08680555555555555
9 0.6385416666666667 0.4010416666666667 0.03125 0.08333333333333333
