4 0.15520833333333334 0.4479166666666667 0.30833333333333335 0.8854166666666666
4 0.9005208333333333 0.3671875 0.20104166666666667 0.3142361111111111
5 0.2265625 0.7795138888888888 0.2552083333333333 0.4444444444444444
5 0.8666552604166667 0.6792059895833333 0.2684534375 0.20408802083333333
5 0.6129219791666666 0.6154513888888888 0.21354166666666666 0.1267361111111111
5 0.45364583333333336 0.5594079861111111 0.09270833333333334 0.052083333333333336
3 0.3715670833333334 0.5418376736111111 0.05520833333333333 0.08506944444444445
3 0.49512999999999996 0.650490451388889 0.13854166666666667 0.3559027777777778
1 0.4929326041666667 0.7230016493055555 0.14874541666666669 0.26734843750000004
8 0.4875 0.7874024305555555 0.33541666666666664 0.4253472222222222
8 0.8234375 0.8602430555555556 0.35520833333333335 0.2829861111111111
6 0.6604166666666667 0.2916666666666667 0.68125 0.5729166666666666
9 0.06510416666666667 0.4357638888888889 0.06770833333333333 0.2673611111111111
