2 0.43333333333333335 0.6137152777777778 0.07291666666666667 0.1371527777777778
4 0.15416666666666667 0.4427083333333333 0.30625 0.8541666666666666
4 0.8828125 0.3741319444444444 0.21979166666666666 0.265625
5 0.5442708333333334 0.6059027777777778 0.11354166666666667 0.09722222222222222
5 0.6703125 0.6588541666666666 0.04479166666666667 0.09895833333333333
5 0.8713541666666667 0.7326388888888888 0.259375 0.19444444444444445
5 0.23125 0.7821180555555556 0.2375 0.4392361111111111
3 0.3671875 0.5355902777777778 0.036458333333333336 0.08854166666666667
3 0.4010416666666667 0.5390625 0.03125 0.050347222222222224
3 0.43697916666666664 0.5928819444444444 0.059375 0.19618055555555555
3 0.628125 0.6137152777777778 0.07083333333333333 0.3003472222222222
3 0.7109375 0.6145833333333334 0.07604166666666666 0.2847222222222222
8 0.4713541666666667 0.765625 0.30104166666666665 0.4583333333333333
8 0.8140625 0.8585069444444444 0.37395833333333334 0.2864583333333333
6 0.6588541666666666 0.2821180555555556 0.684375 0.5572916666666666
9 0.0703125 0.4401041666666667 0.08645833333333333 0.2899305555555556
