4 0.15520833333333334 0.4479166666666667 0.30833333333333335 0.8854166666666666
4 0.8914385416666666 0.3714074652777778 0.21875 0.3038194444444444
5 0.2265625 0.7795138888888888 0.2552083333333333 0.4444444444444444
5 0.86180046875 0.6924675347222222 0.27626218750000003 0.17708333333333334
5 0.6705254166666668 0.6177323784722222 0.106850625 0.13953524305555554
5 0.47756234375 0.5625 0.0863746875 0.04861111111111111
3 0.38060369791666665 0.5314146701388888 0.0846715625 0.07395572916666666
3 0.5857132291666667 0.7280133680555556 0.19124083333333333 0.5060826388888889
1 0.3908379166666667 0.5561067708333334 0.052524375 0.050347222222222224
8 0.4875 0.7874024305555555 0.33541666666666664 0.4253472222222222
8 0.8234375 0.8602430555555556 0.35520833333333335 0.2829861111111111
6 0.6604166666666667 0.2916666666666667 0.68125 0.5729166666666666
9 0.06510416666666667 0.4357638888888889 0.06770833333333333 0.2673611111111111
