0 0.2989583333333333 0.5833333333333334 0.08958333333333333 0.20833333333333334
0 0.6708333333333333 0.5720486111111112 0.12708333333333333 0.140625
3 0.38385416666666666 0.6614583333333334 0.13229166666666667 0.5381944444444444
3 0.5421875 0.6666666666666666 0.11145833333333334 0.4791666666666667
3 0.8161458333333333 0.6857638888888888 0.15729166666666666 0.6284722222222222
3 0.478125 0.5902777777777778 0.020833333333333332 0.1076388888888889
4 0.05625 0.3576388888888889 0.1125 0.2638888888888889
5 0.13645833333333332 0.6197916666666666 0.26458333333333334 0.2048611111111111
6 0.15 0.2534722222222222 0.16458333333333333 0.4965277777777778
6 0.8223958333333333 0.1953125 0.3572916666666667 0.359375
6 0.934375 0.5321180555555556 0.13333333333333333 0.22395833333333334
6 0.43802083333333336 0.2074652777777778 0.390625 0.390625
8 0.5015625 0.9045138888888888 0.9989583333333333 0.19444444444444445
8 0.6515625 0.7213541666666666 0.13020833333333334 0.1232638888888889
8 0.46770833333333334 0.6892361111111112 0.2875 0.1875
